18.2	18.6	3000
18.2	1
18.2001	0.999338
18.2003	0.998676
18.2004	0.998014
18.2005	0.997353
18.2007	0.996691
18.2008	0.99603
18.2009	0.995369
18.2011	0.994709
18.2012	0.994048
18.2013	0.993388
18.2015	0.992728
18.2016	0.992068
18.2017	0.991409
18.2019	0.99075
18.202	0.99009
18.2021	0.989432
18.2023	0.988773
18.2024	0.988114
18.2025	0.987456
18.2027	0.986798
18.2028	0.98614
18.2029	0.985483
18.2031	0.984825
18.2032	0.984168
18.2033	0.983511
18.2035	0.982854
18.2036	0.982198
18.2037	0.981541
18.2039	0.980885
18.204	0.98023
18.2041	0.979574
18.2043	0.978918
18.2044	0.978263
18.2045	0.977608
18.2047	0.976953
18.2048	0.976299
18.2049	0.975644
18.2051	0.97499
18.2052	0.974336
18.2053	0.973683
18.2055	0.973029
18.2056	0.972376
18.2057	0.971723
18.2059	0.97107
18.206	0.970417
18.2061	0.969765
18.2063	0.969113
18.2064	0.968461
18.2065	0.967809
18.2067	0.967157
18.2068	0.966506
18.2069	0.965855
18.2071	0.965204
18.2072	0.964553
18.2073	0.963903
18.2075	0.963253
18.2076	0.962602
18.2077	0.961953
18.2079	0.961303
18.208	0.960654
18.2081	0.960004
18.2083	0.959356
18.2084	0.958707
18.2085	0.958058
18.2087	0.95741
18.2088	0.956762
18.2089	0.956114
18.2091	0.955466
18.2092	0.954819
18.2093	0.954172
18.2095	0.953525
18.2096	0.952878
18.2097	0.952231
18.2099	0.951585
18.21	0.950939
18.2101	0.950293
18.2103	0.949647
18.2104	0.949002
18.2105	0.948356
18.2107	0.947711
18.2108	0.947066
18.2109	0.946422
18.2111	0.945777
18.2112	0.945133
18.2113	0.944489
18.2115	0.943845
18.2116	0.943202
18.2117	0.942559
18.2119	0.941915
18.212	0.941273
18.2121	0.94063
18.2123	0.939987
18.2124	0.939345
18.2125	0.938703
18.2127	0.938061
18.2128	0.93742
18.2129	0.936778
18.2131	0.936137
18.2132	0.935496
18.2133	0.934855
18.2135	0.934215
18.2136	0.933575
18.2137	0.932935
18.2139	0.932295
18.214	0.931655
18.2141	0.931016
18.2143	0.930376
18.2144	0.929737
18.2145	0.929099
18.2147	0.92846
18.2148	0.927822
18.2149	0.927184
18.2151	0.926546
18.2152	0.925908
18.2153	0.92527
18.2155	0.924633
18.2156	0.923996
18.2157	0.923359
18.2159	0.922723
18.216	0.922086
18.2161	0.92145
18.2163	0.920814
18.2164	0.920178
18.2165	0.919543
18.2167	0.918907
18.2168	0.918272
18.2169	0.917638
18.2171	0.917003
18.2172	0.916368
18.2173	0.915734
18.2175	0.9151
18.2176	0.914466
18.2177	0.913833
18.2179	0.913199
18.218	0.912566
18.2181	0.911933
18.2183	0.911301
18.2184	0.910668
18.2185	0.910036
18.2187	0.909404
18.2188	0.908772
18.2189	0.90814
18.2191	0.907509
18.2192	0.906878
18.2193	0.906247
18.2195	0.905616
18.2196	0.904985
18.2197	0.904355
18.2199	0.903725
18.22	0.903095
18.2201	0.902465
18.2203	0.901836
18.2204	0.901206
18.2205	0.900577
18.2207	0.899949
18.2208	0.89932
18.2209	0.898692
18.2211	0.898063
18.2212	0.897435
18.2213	0.896808
18.2215	0.89618
18.2216	0.895553
18.2217	0.894926
18.2219	0.894299
18.222	0.893672
18.2221	0.893046
18.2223	0.89242
18.2224	0.891794
18.2225	0.891168
18.2227	0.890542
18.2228	0.889917
18.2229	0.889292
18.2231	0.888667
18.2232	0.888042
18.2233	0.887418
18.2235	0.886793
18.2236	0.886169
18.2237	0.885545
18.2239	0.884922
18.224	0.884298
18.2241	0.883675
18.2243	0.883052
18.2244	0.88243
18.2245	0.881807
18.2247	0.881185
18.2248	0.880563
18.2249	0.879941
18.2251	0.879319
18.2252	0.878698
18.2253	0.878076
18.2255	0.877455
18.2256	0.876835
18.2257	0.876214
18.2259	0.875594
18.226	0.874973
18.2261	0.874353
18.2263	0.873734
18.2264	0.873114
18.2265	0.872495
18.2267	0.871876
18.2268	0.871257
18.2269	0.870638
18.2271	0.87002
18.2272	0.869402
18.2273	0.868784
18.2275	0.868166
18.2276	0.867548
18.2277	0.866931
18.2279	0.866314
18.228	0.865697
18.2281	0.86508
18.2283	0.864464
18.2284	0.863848
18.2285	0.863232
18.2287	0.862616
18.2288	0.862
18.2289	0.861385
18.2291	0.86077
18.2292	0.860155
18.2293	0.85954
18.2295	0.858926
18.2296	0.858311
18.2297	0.857697
18.2299	0.857083
18.23	0.85647
18.2301	0.855856
18.2303	0.855243
18.2304	0.85463
18.2305	0.854017
18.2307	0.853405
18.2308	0.852792
18.2309	0.85218
18.2311	0.851568
18.2312	0.850957
18.2313	0.850345
18.2315	0.849734
18.2316	0.849123
18.2317	0.848512
18.2319	0.847901
18.232	0.847291
18.2321	0.846681
18.2323	0.846071
18.2324	0.845461
18.2325	0.844852
18.2327	0.844242
18.2328	0.843633
18.2329	0.843024
18.2331	0.842416
18.2332	0.841807
18.2333	0.841199
18.2335	0.840591
18.2336	0.839983
18.2337	0.839376
18.2339	0.838768
18.234	0.838161
18.2341	0.837554
18.2343	0.836947
18.2344	0.836341
18.2345	0.835735
18.2347	0.835129
18.2348	0.834523
18.2349	0.833917
18.2351	0.833312
18.2352	0.832707
18.2353	0.832102
18.2355	0.831497
18.2356	0.830892
18.2357	0.830288
18.2359	0.829684
18.236	0.82908
18.2361	0.828476
18.2363	0.827873
18.2364	0.82727
18.2365	0.826667
18.2367	0.826064
18.2368	0.825461
18.2369	0.824859
18.2371	0.824257
18.2372	0.823655
18.2373	0.823053
18.2375	0.822452
18.2376	0.82185
18.2377	0.821249
18.2379	0.820648
18.238	0.820048
18.2381	0.819447
18.2383	0.818847
18.2384	0.818247
18.2385	0.817647
18.2387	0.817048
18.2388	0.816449
18.2389	0.815849
18.2391	0.815251
18.2392	0.814652
18.2393	0.814053
18.2395	0.813455
18.2396	0.812857
18.2397	0.812259
18.2399	0.811662
18.24	0.811064
18.2401	0.810467
18.2403	0.80987
18.2404	0.809274
18.2405	0.808677
18.2407	0.808081
18.2408	0.807485
18.2409	0.806889
18.2411	0.806293
18.2412	0.805698
18.2413	0.805103
18.2415	0.804508
18.2416	0.803913
18.2417	0.803318
18.2419	0.802724
18.242	0.80213
18.2421	0.801536
18.2423	0.800942
18.2424	0.800349
18.2425	0.799756
18.2427	0.799163
18.2428	0.79857
18.2429	0.797977
18.2431	0.797385
18.2432	0.796793
18.2433	0.796201
18.2435	0.795609
18.2436	0.795017
18.2437	0.794426
18.2439	0.793835
18.244	0.793244
18.2441	0.792654
18.2443	0.792063
18.2444	0.791473
18.2445	0.790883
18.2447	0.790293
18.2448	0.789704
18.2449	0.789114
18.2451	0.788525
18.2452	0.787936
18.2453	0.787348
18.2455	0.786759
18.2456	0.786171
18.2457	0.785583
18.2459	0.784995
18.246	0.784407
18.2461	0.78382
18.2463	0.783233
18.2464	0.782646
18.2465	0.782059
18.2467	0.781473
18.2468	0.780886
18.2469	0.7803
18.2471	0.779714
18.2472	0.779129
18.2473	0.778543
18.2475	0.777958
18.2476	0.777373
18.2477	0.776788
18.2479	0.776204
18.248	0.775619
18.2481	0.775035
18.2483	0.774451
18.2484	0.773868
18.2485	0.773284
18.2487	0.772701
18.2488	0.772118
18.2489	0.771535
18.2491	0.770953
18.2492	0.77037
18.2493	0.769788
18.2495	0.769206
18.2496	0.768624
18.2497	0.768043
18.2499	0.767461
18.25	0.76688
18.2502	0.7663
18.2503	0.765719
18.2504	0.765138
18.2506	0.764558
18.2507	0.763978
18.2508	0.763398
18.251	0.762819
18.2511	0.76224
18.2512	0.76166
18.2514	0.761082
18.2515	0.760503
18.2516	0.759924
18.2518	0.759346
18.2519	0.758768
18.252	0.75819
18.2522	0.757613
18.2523	0.757035
18.2524	0.756458
18.2526	0.755881
18.2527	0.755304
18.2528	0.754728
18.253	0.754152
18.2531	0.753576
18.2532	0.753
18.2534	0.752424
18.2535	0.751849
18.2536	0.751273
18.2538	0.750698
18.2539	0.750124
18.254	0.749549
18.2542	0.748975
18.2543	0.748401
18.2544	0.747827
18.2546	0.747253
18.2547	0.74668
18.2548	0.746106
18.255	0.745533
18.2551	0.74496
18.2552	0.744388
18.2554	0.743815
18.2555	0.743243
18.2556	0.742671
18.2558	0.7421
18.2559	0.741528
18.256	0.740957
18.2562	0.740386
18.2563	0.739815
18.2564	0.739244
18.2566	0.738674
18.2567	0.738104
18.2568	0.737534
18.257	0.736964
18.2571	0.736394
18.2572	0.735825
18.2574	0.735256
18.2575	0.734687
18.2576	0.734118
18.2578	0.73355
18.2579	0.732981
18.258	0.732413
18.2582	0.731846
18.2583	0.731278
18.2584	0.730711
18.2586	0.730143
18.2587	0.729576
18.2588	0.72901
18.259	0.728443
18.2591	0.727877
18.2592	0.727311
18.2594	0.726745
18.2595	0.726179
18.2596	0.725614
18.2598	0.725049
18.2599	0.724484
18.26	0.723919
18.2602	0.723354
18.2603	0.72279
18.2604	0.722226
18.2606	0.721662
18.2607	0.721098
18.2608	0.720535
18.261	0.719972
18.2611	0.719409
18.2612	0.718846
18.2614	0.718283
18.2615	0.717721
18.2616	0.717159
18.2618	0.716597
18.2619	0.716035
18.262	0.715474
18.2622	0.714912
18.2623	0.714351
18.2624	0.71379
18.2626	0.71323
18.2627	0.712669
18.2628	0.712109
18.263	0.711549
18.2631	0.710989
18.2632	0.71043
18.2634	0.70987
18.2635	0.709311
18.2636	0.708752
18.2638	0.708194
18.2639	0.707635
18.264	0.707077
18.2642	0.706519
18.2643	0.705961
18.2644	0.705404
18.2646	0.704846
18.2647	0.704289
18.2648	0.703732
18.265	0.703175
18.2651	0.702619
18.2652	0.702063
18.2654	0.701507
18.2655	0.700951
18.2656	0.700395
18.2658	0.69984
18.2659	0.699285
18.266	0.69873
18.2662	0.698175
18.2663	0.69762
18.2664	0.697066
18.2666	0.696512
18.2667	0.695958
18.2668	0.695404
18.267	0.694851
18.2671	0.694298
18.2672	0.693745
18.2674	0.693192
18.2675	0.692639
18.2676	0.692087
18.2678	0.691535
18.2679	0.690983
18.268	0.690431
18.2682	0.68988
18.2683	0.689328
18.2684	0.688777
18.2686	0.688226
18.2687	0.687676
18.2688	0.687125
18.269	0.686575
18.2691	0.686025
18.2692	0.685475
18.2694	0.684926
18.2695	0.684377
18.2696	0.683827
18.2698	0.683279
18.2699	0.68273
18.27	0.682181
18.2702	0.681633
18.2703	0.681085
18.2704	0.680537
18.2706	0.67999
18.2707	0.679443
18.2708	0.678895
18.271	0.678348
18.2711	0.677802
18.2712	0.677255
18.2714	0.676709
18.2715	0.676163
18.2716	0.675617
18.2718	0.675072
18.2719	0.674526
18.272	0.673981
18.2722	0.673436
18.2723	0.672891
18.2724	0.672347
18.2726	0.671802
18.2727	0.671258
18.2728	0.670714
18.273	0.670171
18.2731	0.669627
18.2732	0.669084
18.2734	0.668541
18.2735	0.667998
18.2736	0.667456
18.2738	0.666914
18.2739	0.666371
18.274	0.665829
18.2742	0.665288
18.2743	0.664746
18.2744	0.664205
18.2746	0.663664
18.2747	0.663123
18.2748	0.662583
18.275	0.662042
18.2751	0.661502
18.2752	0.660962
18.2754	0.660422
18.2755	0.659883
18.2756	0.659344
18.2758	0.658805
18.2759	0.658266
18.276	0.657727
18.2762	0.657189
18.2763	0.65665
18.2764	0.656112
18.2766	0.655575
18.2767	0.655037
18.2768	0.6545
18.277	0.653963
18.2771	0.653426
18.2772	0.652889
18.2774	0.652353
18.2775	0.651816
18.2776	0.65128
18.2778	0.650745
18.2779	0.650209
18.278	0.649674
18.2782	0.649138
18.2783	0.648603
18.2784	0.648069
18.2786	0.647534
18.2787	0.647
18.2788	0.646466
18.279	0.645932
18.2791	0.645398
18.2792	0.644865
18.2794	0.644332
18.2795	0.643799
18.2796	0.643266
18.2798	0.642734
18.2799	0.642201
18.28	0.641669
18.2802	0.641137
18.2803	0.640606
18.2804	0.640074
18.2806	0.639543
18.2807	0.639012
18.2808	0.638481
18.281	0.637951
18.2811	0.63742
18.2812	0.63689
18.2814	0.63636
18.2815	0.635831
18.2816	0.635301
18.2818	0.634772
18.2819	0.634243
18.282	0.633714
18.2822	0.633185
18.2823	0.632657
18.2824	0.632129
18.2826	0.631601
18.2827	0.631073
18.2828	0.630546
18.283	0.630018
18.2831	0.629491
18.2832	0.628964
18.2834	0.628438
18.2835	0.627911
18.2836	0.627385
18.2838	0.626859
18.2839	0.626333
18.284	0.625808
18.2842	0.625282
18.2843	0.624757
18.2844	0.624232
18.2846	0.623708
18.2847	0.623183
18.2848	0.622659
18.285	0.622135
18.2851	0.621611
18.2852	0.621087
18.2854	0.620564
18.2855	0.620041
18.2856	0.619518
18.2858	0.618995
18.2859	0.618473
18.286	0.61795
18.2862	0.617428
18.2863	0.616907
18.2864	0.616385
18.2866	0.615864
18.2867	0.615342
18.2868	0.614821
18.287	0.614301
18.2871	0.61378
18.2872	0.61326
18.2874	0.61274
18.2875	0.61222
18.2876	0.6117
18.2878	0.611181
18.2879	0.610661
18.288	0.610142
18.2882	0.609624
18.2883	0.609105
18.2884	0.608587
18.2886	0.608069
18.2887	0.607551
18.2888	0.607033
18.289	0.606515
18.2891	0.605998
18.2892	0.605481
18.2894	0.604964
18.2895	0.604448
18.2896	0.603931
18.2898	0.603415
18.2899	0.602899
18.29	0.602383
18.2902	0.601868
18.2903	0.601353
18.2904	0.600838
18.2906	0.600323
18.2907	0.599808
18.2908	0.599294
18.291	0.598779
18.2911	0.598265
18.2912	0.597752
18.2914	0.597238
18.2915	0.596725
18.2916	0.596212
18.2918	0.595699
18.2919	0.595186
18.292	0.594674
18.2922	0.594161
18.2923	0.593649
18.2924	0.593138
18.2926	0.592626
18.2927	0.592115
18.2928	0.591603
18.293	0.591092
18.2931	0.590582
18.2932	0.590071
18.2934	0.589561
18.2935	0.589051
18.2936	0.588541
18.2938	0.588031
18.2939	0.587522
18.294	0.587013
18.2942	0.586504
18.2943	0.585995
18.2944	0.585487
18.2946	0.584978
18.2947	0.58447
18.2948	0.583962
18.295	0.583455
18.2951	0.582947
18.2952	0.58244
18.2954	0.581933
18.2955	0.581426
18.2956	0.58092
18.2958	0.580413
18.2959	0.579907
18.296	0.579401
18.2962	0.578896
18.2963	0.57839
18.2964	0.577885
18.2966	0.57738
18.2967	0.576875
18.2968	0.57637
18.297	0.575866
18.2971	0.575362
18.2972	0.574858
18.2974	0.574354
18.2975	0.573851
18.2976	0.573347
18.2978	0.572844
18.2979	0.572341
18.298	0.571839
18.2982	0.571336
18.2983	0.570834
18.2984	0.570332
18.2986	0.56983
18.2987	0.569329
18.2988	0.568828
18.299	0.568326
18.2991	0.567826
18.2992	0.567325
18.2994	0.566824
18.2995	0.566324
18.2996	0.565824
18.2998	0.565324
18.2999	0.564825
18.3	0.564326
18.3002	0.563826
18.3003	0.563327
18.3004	0.562829
18.3006	0.56233
18.3007	0.561832
18.3008	0.561334
18.301	0.560836
18.3011	0.560339
18.3012	0.559841
18.3014	0.559344
18.3015	0.558847
18.3016	0.55835
18.3018	0.557854
18.3019	0.557357
18.302	0.556861
18.3022	0.556366
18.3023	0.55587
18.3024	0.555374
18.3026	0.554879
18.3027	0.554384
18.3028	0.55389
18.303	0.553395
18.3031	0.552901
18.3032	0.552407
18.3034	0.551913
18.3035	0.551419
18.3036	0.550925
18.3038	0.550432
18.3039	0.549939
18.304	0.549446
18.3042	0.548954
18.3043	0.548461
18.3044	0.547969
18.3046	0.547477
18.3047	0.546986
18.3048	0.546494
18.305	0.546003
18.3051	0.545512
18.3052	0.545021
18.3054	0.54453
18.3055	0.54404
18.3056	0.54355
18.3058	0.54306
18.3059	0.54257
18.306	0.542081
18.3062	0.541591
18.3063	0.541102
18.3064	0.540613
18.3066	0.540125
18.3067	0.539636
18.3068	0.539148
18.307	0.53866
18.3071	0.538172
18.3072	0.537685
18.3074	0.537197
18.3075	0.53671
18.3076	0.536223
18.3078	0.535737
18.3079	0.53525
18.308	0.534764
18.3082	0.534278
18.3083	0.533792
18.3084	0.533307
18.3086	0.532821
18.3087	0.532336
18.3088	0.531851
18.309	0.531367
18.3091	0.530882
18.3092	0.530398
18.3094	0.529914
18.3095	0.52943
18.3096	0.528946
18.3098	0.528463
18.3099	0.52798
18.31	0.527497
18.3102	0.527014
18.3103	0.526531
18.3104	0.526049
18.3106	0.525567
18.3107	0.525085
18.3108	0.524604
18.311	0.524122
18.3111	0.523641
18.3112	0.52316
18.3114	0.522679
18.3115	0.522199
18.3116	0.521718
18.3118	0.521238
18.3119	0.520758
18.312	0.520279
18.3122	0.519799
18.3123	0.51932
18.3124	0.518841
18.3126	0.518362
18.3127	0.517883
18.3128	0.517405
18.313	0.516927
18.3131	0.516449
18.3132	0.515971
18.3134	0.515494
18.3135	0.515017
18.3136	0.51454
18.3138	0.514063
18.3139	0.513586
18.314	0.51311
18.3142	0.512633
18.3143	0.512158
18.3144	0.511682
18.3146	0.511206
18.3147	0.510731
18.3148	0.510256
18.315	0.509781
18.3151	0.509306
18.3152	0.508832
18.3154	0.508358
18.3155	0.507884
18.3156	0.50741
18.3158	0.506936
18.3159	0.506463
18.316	0.50599
18.3162	0.505517
18.3163	0.505044
18.3164	0.504572
18.3166	0.5041
18.3167	0.503628
18.3168	0.503156
18.317	0.502684
18.3171	0.502213
18.3172	0.501742
18.3174	0.501271
18.3175	0.5008
18.3176	0.50033
18.3178	0.499859
18.3179	0.499389
18.318	0.49892
18.3182	0.49845
18.3183	0.497981
18.3184	0.497511
18.3186	0.497042
18.3187	0.496574
18.3188	0.496105
18.319	0.495637
18.3191	0.495169
18.3192	0.494701
18.3194	0.494233
18.3195	0.493766
18.3196	0.493299
18.3198	0.492832
18.3199	0.492365
18.32	0.491898
18.3202	0.491432
18.3203	0.490966
18.3204	0.4905
18.3206	0.490034
18.3207	0.489569
18.3208	0.489104
18.321	0.488639
18.3211	0.488174
18.3212	0.487709
18.3214	0.487245
18.3215	0.486781
18.3216	0.486317
18.3218	0.485853
18.3219	0.48539
18.322	0.484926
18.3222	0.484463
18.3223	0.484001
18.3224	0.483538
18.3226	0.483076
18.3227	0.482613
18.3228	0.482152
18.323	0.48169
18.3231	0.481228
18.3232	0.480767
18.3234	0.480306
18.3235	0.479845
18.3236	0.479384
18.3238	0.478924
18.3239	0.478464
18.324	0.478004
18.3242	0.477544
18.3243	0.477085
18.3244	0.476625
18.3246	0.476166
18.3247	0.475707
18.3248	0.475249
18.325	0.47479
18.3251	0.474332
18.3252	0.473874
18.3254	0.473416
18.3255	0.472959
18.3256	0.472501
18.3258	0.472044
18.3259	0.471587
18.326	0.471131
18.3262	0.470674
18.3263	0.470218
18.3264	0.469762
18.3266	0.469306
18.3267	0.46885
18.3268	0.468395
18.327	0.46794
18.3271	0.467485
18.3272	0.46703
18.3274	0.466576
18.3275	0.466121
18.3276	0.465667
18.3278	0.465214
18.3279	0.46476
18.328	0.464307
18.3282	0.463853
18.3283	0.4634
18.3284	0.462948
18.3286	0.462495
18.3287	0.462043
18.3288	0.461591
18.329	0.461139
18.3291	0.460687
18.3292	0.460236
18.3294	0.459785
18.3295	0.459334
18.3296	0.458883
18.3298	0.458432
18.3299	0.457982
18.33	0.457532
18.3302	0.457082
18.3303	0.456632
18.3304	0.456183
18.3306	0.455734
18.3307	0.455285
18.3308	0.454836
18.331	0.454387
18.3311	0.453939
18.3312	0.453491
18.3314	0.453043
18.3315	0.452595
18.3316	0.452148
18.3318	0.4517
18.3319	0.451253
18.332	0.450806
18.3322	0.45036
18.3323	0.449913
18.3324	0.449467
18.3326	0.449021
18.3327	0.448576
18.3328	0.44813
18.333	0.447685
18.3331	0.44724
18.3332	0.446795
18.3334	0.44635
18.3335	0.445906
18.3336	0.445462
18.3338	0.445018
18.3339	0.444574
18.334	0.44413
18.3342	0.443687
18.3343	0.443244
18.3344	0.442801
18.3346	0.442358
18.3347	0.441916
18.3348	0.441474
18.335	0.441032
18.3351	0.44059
18.3352	0.440148
18.3354	0.439707
18.3355	0.439266
18.3356	0.438825
18.3358	0.438384
18.3359	0.437944
18.336	0.437504
18.3362	0.437064
18.3363	0.436624
18.3364	0.436184
18.3366	0.435745
18.3367	0.435306
18.3368	0.434867
18.337	0.434428
18.3371	0.43399
18.3372	0.433551
18.3374	0.433113
18.3375	0.432675
18.3376	0.432238
18.3378	0.4318
18.3379	0.431363
18.338	0.430926
18.3382	0.43049
18.3383	0.430053
18.3384	0.429617
18.3386	0.429181
18.3387	0.428745
18.3388	0.428309
18.339	0.427874
18.3391	0.427439
18.3392	0.427004
18.3394	0.426569
18.3395	0.426134
18.3396	0.4257
18.3398	0.425266
18.3399	0.424832
18.34	0.424398
18.3402	0.423965
18.3403	0.423532
18.3404	0.423099
18.3406	0.422666
18.3407	0.422233
18.3408	0.421801
18.341	0.421369
18.3411	0.420937
18.3412	0.420505
18.3414	0.420074
18.3415	0.419642
18.3416	0.419211
18.3418	0.418781
18.3419	0.41835
18.342	0.41792
18.3422	0.41749
18.3423	0.41706
18.3424	0.41663
18.3426	0.4162
18.3427	0.415771
18.3428	0.415342
18.343	0.414913
18.3431	0.414485
18.3432	0.414056
18.3434	0.413628
18.3435	0.4132
18.3436	0.412772
18.3438	0.412345
18.3439	0.411917
18.344	0.41149
18.3442	0.411064
18.3443	0.410637
18.3444	0.41021
18.3446	0.409784
18.3447	0.409358
18.3448	0.408933
18.345	0.408507
18.3451	0.408082
18.3452	0.407657
18.3454	0.407232
18.3455	0.406807
18.3456	0.406383
18.3458	0.405958
18.3459	0.405534
18.346	0.405111
18.3462	0.404687
18.3463	0.404264
18.3464	0.403841
18.3466	0.403418
18.3467	0.402995
18.3468	0.402572
18.347	0.40215
18.3471	0.401728
18.3472	0.401306
18.3474	0.400885
18.3475	0.400463
18.3476	0.400042
18.3478	0.399621
18.3479	0.399201
18.348	0.39878
18.3482	0.39836
18.3483	0.39794
18.3484	0.39752
18.3486	0.3971
18.3487	0.396681
18.3488	0.396262
18.349	0.395843
18.3491	0.395424
18.3492	0.395006
18.3494	0.394587
18.3495	0.394169
18.3496	0.393751
18.3498	0.393334
18.3499	0.392916
18.3501	0.392499
18.3502	0.392082
18.3503	0.391665
18.3505	0.391249
18.3506	0.390833
18.3507	0.390416
18.3509	0.390001
18.351	0.389585
18.3511	0.389169
18.3513	0.388754
18.3514	0.388339
18.3515	0.387924
18.3517	0.38751
18.3518	0.387096
18.3519	0.386681
18.3521	0.386268
18.3522	0.385854
18.3523	0.38544
18.3525	0.385027
18.3526	0.384614
18.3527	0.384201
18.3529	0.383789
18.353	0.383376
18.3531	0.382964
18.3533	0.382552
18.3534	0.382141
18.3535	0.381729
18.3537	0.381318
18.3538	0.380907
18.3539	0.380496
18.3541	0.380085
18.3542	0.379675
18.3543	0.379265
18.3545	0.378855
18.3546	0.378445
18.3547	0.378036
18.3549	0.377626
18.355	0.377217
18.3551	0.376808
18.3553	0.3764
18.3554	0.375991
18.3555	0.375583
18.3557	0.375175
18.3558	0.374768
18.3559	0.37436
18.3561	0.373953
18.3562	0.373546
18.3563	0.373139
18.3565	0.372732
18.3566	0.372326
18.3567	0.371919
18.3569	0.371513
18.357	0.371108
18.3571	0.370702
18.3573	0.370297
18.3574	0.369892
18.3575	0.369487
18.3577	0.369082
18.3578	0.368678
18.3579	0.368273
18.3581	0.367869
18.3582	0.367466
18.3583	0.367062
18.3585	0.366659
18.3586	0.366256
18.3587	0.365853
18.3589	0.36545
18.359	0.365048
18.3591	0.364645
18.3593	0.364243
18.3594	0.363841
18.3595	0.36344
18.3597	0.363038
18.3598	0.362637
18.3599	0.362236
18.3601	0.361836
18.3602	0.361435
18.3603	0.361035
18.3605	0.360635
18.3606	0.360235
18.3607	0.359835
18.3609	0.359436
18.361	0.359037
18.3611	0.358638
18.3613	0.358239
18.3614	0.357841
18.3615	0.357442
18.3617	0.357044
18.3618	0.356646
18.3619	0.356249
18.3621	0.355851
18.3622	0.355454
18.3623	0.355057
18.3625	0.35466
18.3626	0.354264
18.3627	0.353868
18.3629	0.353471
18.363	0.353076
18.3631	0.35268
18.3633	0.352285
18.3634	0.351889
18.3635	0.351494
18.3637	0.3511
18.3638	0.350705
18.3639	0.350311
18.3641	0.349917
18.3642	0.349523
18.3643	0.349129
18.3645	0.348736
18.3646	0.348342
18.3647	0.347949
18.3649	0.347556
18.365	0.347164
18.3651	0.346772
18.3653	0.346379
18.3654	0.345987
18.3655	0.345596
18.3657	0.345204
18.3658	0.344813
18.3659	0.344422
18.3661	0.344031
18.3662	0.343641
18.3663	0.34325
18.3665	0.34286
18.3666	0.34247
18.3667	0.34208
18.3669	0.341691
18.367	0.341302
18.3671	0.340913
18.3673	0.340524
18.3674	0.340135
18.3675	0.339747
18.3677	0.339359
18.3678	0.338971
18.3679	0.338583
18.3681	0.338195
18.3682	0.337808
18.3683	0.337421
18.3685	0.337034
18.3686	0.336648
18.3687	0.336261
18.3689	0.335875
18.369	0.335489
18.3691	0.335103
18.3693	0.334718
18.3694	0.334332
18.3695	0.333947
18.3697	0.333562
18.3698	0.333178
18.3699	0.332793
18.3701	0.332409
18.3702	0.332025
18.3703	0.331641
18.3705	0.331258
18.3706	0.330875
18.3707	0.330491
18.3709	0.330109
18.371	0.329726
18.3711	0.329343
18.3713	0.328961
18.3714	0.328579
18.3715	0.328197
18.3717	0.327816
18.3718	0.327434
18.3719	0.327053
18.3721	0.326672
18.3722	0.326292
18.3723	0.325911
18.3725	0.325531
18.3726	0.325151
18.3727	0.324771
18.3729	0.324392
18.373	0.324012
18.3731	0.323633
18.3733	0.323254
18.3734	0.322875
18.3735	0.322497
18.3737	0.322119
18.3738	0.321741
18.3739	0.321363
18.3741	0.320985
18.3742	0.320608
18.3743	0.320231
18.3745	0.319854
18.3746	0.319477
18.3747	0.3191
18.3749	0.318724
18.375	0.318348
18.3751	0.317972
18.3753	0.317597
18.3754	0.317221
18.3755	0.316846
18.3757	0.316471
18.3758	0.316096
18.3759	0.315722
18.3761	0.315348
18.3762	0.314973
18.3763	0.3146
18.3765	0.314226
18.3766	0.313853
18.3767	0.313479
18.3769	0.313106
18.377	0.312734
18.3771	0.312361
18.3773	0.311989
18.3774	0.311617
18.3775	0.311245
18.3777	0.310873
18.3778	0.310502
18.3779	0.31013
18.3781	0.309759
18.3782	0.309389
18.3783	0.309018
18.3785	0.308648
18.3786	0.308278
18.3787	0.307908
18.3789	0.307538
18.379	0.307169
18.3791	0.306799
18.3793	0.30643
18.3794	0.306062
18.3795	0.305693
18.3797	0.305325
18.3798	0.304957
18.3799	0.304589
18.3801	0.304221
18.3802	0.303853
18.3803	0.303486
18.3805	0.303119
18.3806	0.302752
18.3807	0.302386
18.3809	0.302019
18.381	0.301653
18.3811	0.301287
18.3813	0.300922
18.3814	0.300556
18.3815	0.300191
18.3817	0.299826
18.3818	0.299461
18.3819	0.299096
18.3821	0.298732
18.3822	0.298368
18.3823	0.298004
18.3825	0.29764
18.3826	0.297277
18.3827	0.296913
18.3829	0.29655
18.383	0.296187
18.3831	0.295825
18.3833	0.295462
18.3834	0.2951
18.3835	0.294738
18.3837	0.294377
18.3838	0.294015
18.3839	0.293654
18.3841	0.293293
18.3842	0.292932
18.3843	0.292571
18.3845	0.292211
18.3846	0.291851
18.3847	0.291491
18.3849	0.291131
18.385	0.290771
18.3851	0.290412
18.3853	0.290053
18.3854	0.289694
18.3855	0.289335
18.3857	0.288977
18.3858	0.288619
18.3859	0.288261
18.3861	0.287903
18.3862	0.287545
18.3863	0.287188
18.3865	0.286831
18.3866	0.286474
18.3867	0.286117
18.3869	0.285761
18.387	0.285405
18.3871	0.285049
18.3873	0.284693
18.3874	0.284337
18.3875	0.283982
18.3877	0.283627
18.3878	0.283272
18.3879	0.282917
18.3881	0.282563
18.3882	0.282209
18.3883	0.281855
18.3885	0.281501
18.3886	0.281147
18.3887	0.280794
18.3889	0.280441
18.389	0.280088
18.3891	0.279735
18.3893	0.279383
18.3894	0.27903
18.3895	0.278678
18.3897	0.278326
18.3898	0.277975
18.3899	0.277623
18.3901	0.277272
18.3902	0.276921
18.3903	0.276571
18.3905	0.27622
18.3906	0.27587
18.3907	0.27552
18.3909	0.27517
18.391	0.27482
18.3911	0.274471
18.3913	0.274122
18.3914	0.273773
18.3915	0.273424
18.3917	0.273076
18.3918	0.272727
18.3919	0.272379
18.3921	0.272031
18.3922	0.271684
18.3923	0.271336
18.3925	0.270989
18.3926	0.270642
18.3927	0.270296
18.3929	0.269949
18.393	0.269603
18.3931	0.269257
18.3933	0.268911
18.3934	0.268565
18.3935	0.26822
18.3937	0.267874
18.3938	0.26753
18.3939	0.267185
18.3941	0.26684
18.3942	0.266496
18.3943	0.266152
18.3945	0.265808
18.3946	0.265464
18.3947	0.265121
18.3949	0.264778
18.395	0.264435
18.3951	0.264092
18.3953	0.263749
18.3954	0.263407
18.3955	0.263065
18.3957	0.262723
18.3958	0.262381
18.3959	0.26204
18.3961	0.261699
18.3962	0.261358
18.3963	0.261017
18.3965	0.260676
18.3966	0.260336
18.3967	0.259996
18.3969	0.259656
18.397	0.259316
18.3971	0.258977
18.3973	0.258638
18.3974	0.258299
18.3975	0.25796
18.3977	0.257621
18.3978	0.257283
18.3979	0.256945
18.3981	0.256607
18.3982	0.256269
18.3983	0.255932
18.3985	0.255594
18.3986	0.255257
18.3987	0.254921
18.3989	0.254584
18.399	0.254248
18.3991	0.253911
18.3993	0.253575
18.3994	0.25324
18.3995	0.252904
18.3997	0.252569
18.3998	0.252234
18.3999	0.251899
18.4001	0.251565
18.4002	0.25123
18.4003	0.250896
18.4005	0.250562
18.4006	0.250228
18.4007	0.249895
18.4009	0.249562
18.401	0.249229
18.4011	0.248896
18.4013	0.248563
18.4014	0.248231
18.4015	0.247899
18.4017	0.247567
18.4018	0.247235
18.4019	0.246903
18.4021	0.246572
18.4022	0.246241
18.4023	0.24591
18.4025	0.245579
18.4026	0.245249
18.4027	0.244919
18.4029	0.244589
18.403	0.244259
18.4031	0.24393
18.4033	0.2436
18.4034	0.243271
18.4035	0.242942
18.4037	0.242614
18.4038	0.242285
18.4039	0.241957
18.4041	0.241629
18.4042	0.241301
18.4043	0.240974
18.4045	0.240647
18.4046	0.24032
18.4047	0.239993
18.4049	0.239666
18.405	0.23934
18.4051	0.239013
18.4053	0.238687
18.4054	0.238362
18.4055	0.238036
18.4057	0.237711
18.4058	0.237386
18.4059	0.237061
18.4061	0.236736
18.4062	0.236412
18.4063	0.236087
18.4065	0.235763
18.4066	0.23544
18.4067	0.235116
18.4069	0.234793
18.407	0.23447
18.4071	0.234147
18.4073	0.233824
18.4074	0.233502
18.4075	0.233179
18.4077	0.232857
18.4078	0.232536
18.4079	0.232214
18.4081	0.231893
18.4082	0.231572
18.4083	0.231251
18.4085	0.23093
18.4086	0.23061
18.4087	0.230289
18.4089	0.229969
18.409	0.229649
18.4091	0.22933
18.4093	0.229011
18.4094	0.228691
18.4095	0.228372
18.4097	0.228054
18.4098	0.227735
18.4099	0.227417
18.4101	0.227099
18.4102	0.226781
18.4103	0.226464
18.4105	0.226146
18.4106	0.225829
18.4107	0.225512
18.4109	0.225195
18.411	0.224879
18.4111	0.224563
18.4113	0.224247
18.4114	0.223931
18.4115	0.223615
18.4117	0.2233
18.4118	0.222985
18.4119	0.22267
18.4121	0.222355
18.4122	0.222041
18.4123	0.221726
18.4125	0.221412
18.4126	0.221098
18.4127	0.220785
18.4129	0.220471
18.413	0.220158
18.4131	0.219845
18.4133	0.219533
18.4134	0.21922
18.4135	0.218908
18.4137	0.218596
18.4138	0.218284
18.4139	0.217972
18.4141	0.217661
18.4142	0.21735
18.4143	0.217039
18.4145	0.216728
18.4146	0.216418
18.4147	0.216107
18.4149	0.215797
18.415	0.215487
18.4151	0.215178
18.4153	0.214868
18.4154	0.214559
18.4155	0.21425
18.4157	0.213941
18.4158	0.213633
18.4159	0.213325
18.4161	0.213016
18.4162	0.212709
18.4163	0.212401
18.4165	0.212094
18.4166	0.211786
18.4167	0.211479
18.4169	0.211173
18.417	0.210866
18.4171	0.21056
18.4173	0.210254
18.4174	0.209948
18.4175	0.209642
18.4177	0.209337
18.4178	0.209032
18.4179	0.208727
18.4181	0.208422
18.4182	0.208117
18.4183	0.207813
18.4185	0.207509
18.4186	0.207205
18.4187	0.206901
18.4189	0.206598
18.419	0.206295
18.4191	0.205992
18.4193	0.205689
18.4194	0.205386
18.4195	0.205084
18.4197	0.204782
18.4198	0.20448
18.4199	0.204178
18.4201	0.203877
18.4202	0.203576
18.4203	0.203275
18.4205	0.202974
18.4206	0.202673
18.4207	0.202373
18.4209	0.202073
18.421	0.201773
18.4211	0.201473
18.4213	0.201174
18.4214	0.200875
18.4215	0.200576
18.4217	0.200277
18.4218	0.199978
18.4219	0.19968
18.4221	0.199382
18.4222	0.199084
18.4223	0.198786
18.4225	0.198489
18.4226	0.198192
18.4227	0.197895
18.4229	0.197598
18.423	0.197301
18.4231	0.197005
18.4233	0.196709
18.4234	0.196413
18.4235	0.196117
18.4237	0.195822
18.4238	0.195526
18.4239	0.195231
18.4241	0.194937
18.4242	0.194642
18.4243	0.194348
18.4245	0.194054
18.4246	0.19376
18.4247	0.193466
18.4249	0.193172
18.425	0.192879
18.4251	0.192586
18.4253	0.192293
18.4254	0.192001
18.4255	0.191708
18.4257	0.191416
18.4258	0.191124
18.4259	0.190833
18.4261	0.190541
18.4262	0.19025
18.4263	0.189959
18.4265	0.189668
18.4266	0.189377
18.4267	0.189087
18.4269	0.188797
18.427	0.188507
18.4271	0.188217
18.4273	0.187928
18.4274	0.187639
18.4275	0.18735
18.4277	0.187061
18.4278	0.186772
18.4279	0.186484
18.4281	0.186196
18.4282	0.185908
18.4283	0.18562
18.4285	0.185332
18.4286	0.185045
18.4287	0.184758
18.4289	0.184471
18.429	0.184185
18.4291	0.183898
18.4293	0.183612
18.4294	0.183326
18.4295	0.18304
18.4297	0.182755
18.4298	0.18247
18.4299	0.182185
18.4301	0.1819
18.4302	0.181615
18.4303	0.181331
18.4305	0.181047
18.4306	0.180763
18.4307	0.180479
18.4309	0.180195
18.431	0.179912
18.4311	0.179629
18.4313	0.179346
18.4314	0.179064
18.4315	0.178781
18.4317	0.178499
18.4318	0.178217
18.4319	0.177935
18.4321	0.177654
18.4322	0.177372
18.4323	0.177091
18.4325	0.176811
18.4326	0.17653
18.4327	0.17625
18.4329	0.175969
18.433	0.175689
18.4331	0.17541
18.4333	0.17513
18.4334	0.174851
18.4335	0.174572
18.4337	0.174293
18.4338	0.174014
18.4339	0.173736
18.4341	0.173458
18.4342	0.17318
18.4343	0.172902
18.4345	0.172624
18.4346	0.172347
18.4347	0.17207
18.4349	0.171793
18.435	0.171517
18.4351	0.17124
18.4353	0.170964
18.4354	0.170688
18.4355	0.170412
18.4357	0.170137
18.4358	0.169861
18.4359	0.169586
18.4361	0.169311
18.4362	0.169037
18.4363	0.168762
18.4365	0.168488
18.4366	0.168214
18.4367	0.16794
18.4369	0.167667
18.437	0.167394
18.4371	0.167121
18.4373	0.166848
18.4374	0.166575
18.4375	0.166303
18.4377	0.16603
18.4378	0.165758
18.4379	0.165487
18.4381	0.165215
18.4382	0.164944
18.4383	0.164673
18.4385	0.164402
18.4386	0.164131
18.4387	0.163861
18.4389	0.163591
18.439	0.163321
18.4391	0.163051
18.4393	0.162781
18.4394	0.162512
18.4395	0.162243
18.4397	0.161974
18.4398	0.161705
18.4399	0.161437
18.4401	0.161169
18.4402	0.160901
18.4403	0.160633
18.4405	0.160365
18.4406	0.160098
18.4407	0.159831
18.4409	0.159564
18.441	0.159297
18.4411	0.159031
18.4413	0.158765
18.4414	0.158499
18.4415	0.158233
18.4417	0.157967
18.4418	0.157702
18.4419	0.157437
18.4421	0.157172
18.4422	0.156907
18.4423	0.156643
18.4425	0.156379
18.4426	0.156115
18.4427	0.155851
18.4429	0.155587
18.443	0.155324
18.4431	0.155061
18.4433	0.154798
18.4434	0.154535
18.4435	0.154273
18.4437	0.154011
18.4438	0.153749
18.4439	0.153487
18.4441	0.153225
18.4442	0.152964
18.4443	0.152703
18.4445	0.152442
18.4446	0.152181
18.4447	0.151921
18.4449	0.151661
18.445	0.151401
18.4451	0.151141
18.4453	0.150881
18.4454	0.150622
18.4455	0.150363
18.4457	0.150104
18.4458	0.149845
18.4459	0.149587
18.4461	0.149329
18.4462	0.149071
18.4463	0.148813
18.4465	0.148555
18.4466	0.148298
18.4467	0.148041
18.4469	0.147784
18.447	0.147527
18.4471	0.147271
18.4473	0.147014
18.4474	0.146758
18.4475	0.146503
18.4477	0.146247
18.4478	0.145992
18.4479	0.145737
18.4481	0.145482
18.4482	0.145227
18.4483	0.144973
18.4485	0.144718
18.4486	0.144464
18.4487	0.144211
18.4489	0.143957
18.449	0.143704
18.4491	0.143451
18.4493	0.143198
18.4494	0.142945
18.4495	0.142692
18.4497	0.14244
18.4498	0.142188
18.4499	0.141936
18.4501	0.141685
18.4502	0.141434
18.4504	0.141182
18.4505	0.140931
18.4506	0.140681
18.4508	0.14043
18.4509	0.14018
18.451	0.13993
18.4512	0.13968
18.4513	0.139431
18.4514	0.139181
18.4516	0.138932
18.4517	0.138683
18.4518	0.138435
18.452	0.138186
18.4521	0.137938
18.4522	0.13769
18.4524	0.137442
18.4525	0.137195
18.4526	0.136947
18.4528	0.1367
18.4529	0.136453
18.453	0.136206
18.4532	0.13596
18.4533	0.135714
18.4534	0.135468
18.4536	0.135222
18.4537	0.134976
18.4538	0.134731
18.454	0.134486
18.4541	0.134241
18.4542	0.133996
18.4544	0.133752
18.4545	0.133508
18.4546	0.133264
18.4548	0.13302
18.4549	0.132776
18.455	0.132533
18.4552	0.13229
18.4553	0.132047
18.4554	0.131804
18.4556	0.131562
18.4557	0.131319
18.4558	0.131077
18.456	0.130835
18.4561	0.130594
18.4562	0.130353
18.4564	0.130111
18.4565	0.129871
18.4566	0.12963
18.4568	0.129389
18.4569	0.129149
18.457	0.128909
18.4572	0.128669
18.4573	0.12843
18.4574	0.12819
18.4576	0.127951
18.4577	0.127712
18.4578	0.127474
18.458	0.127235
18.4581	0.126997
18.4582	0.126759
18.4584	0.126521
18.4585	0.126283
18.4586	0.126046
18.4588	0.125809
18.4589	0.125572
18.459	0.125335
18.4592	0.125099
18.4593	0.124863
18.4594	0.124627
18.4596	0.124391
18.4597	0.124155
18.4598	0.12392
18.46	0.123685
18.4601	0.12345
18.4602	0.123215
18.4604	0.122981
18.4605	0.122746
18.4606	0.122512
18.4608	0.122279
18.4609	0.122045
18.461	0.121812
18.4612	0.121579
18.4613	0.121346
18.4614	0.121113
18.4616	0.12088
18.4617	0.120648
18.4618	0.120416
18.462	0.120184
18.4621	0.119953
18.4622	0.119721
18.4624	0.11949
18.4625	0.119259
18.4626	0.119029
18.4628	0.118798
18.4629	0.118568
18.463	0.118338
18.4632	0.118108
18.4633	0.117879
18.4634	0.117649
18.4636	0.11742
18.4637	0.117191
18.4638	0.116962
18.464	0.116734
18.4641	0.116506
18.4642	0.116278
18.4644	0.11605
18.4645	0.115822
18.4646	0.115595
18.4648	0.115368
18.4649	0.115141
18.465	0.114914
18.4652	0.114688
18.4653	0.114462
18.4654	0.114236
18.4656	0.11401
18.4657	0.113784
18.4658	0.113559
18.466	0.113334
18.4661	0.113109
18.4662	0.112884
18.4664	0.11266
18.4665	0.112435
18.4666	0.112211
18.4668	0.111988
18.4669	0.111764
18.467	0.111541
18.4672	0.111317
18.4673	0.111095
18.4674	0.110872
18.4676	0.110649
18.4677	0.110427
18.4678	0.110205
18.468	0.109983
18.4681	0.109762
18.4682	0.10954
18.4684	0.109319
18.4685	0.109098
18.4686	0.108878
18.4688	0.108657
18.4689	0.108437
18.469	0.108217
18.4692	0.107997
18.4693	0.107778
18.4694	0.107558
18.4696	0.107339
18.4697	0.10712
18.4698	0.106901
18.47	0.106683
18.4701	0.106465
18.4702	0.106247
18.4704	0.106029
18.4705	0.105811
18.4706	0.105594
18.4708	0.105377
18.4709	0.10516
18.471	0.104943
18.4712	0.104727
18.4713	0.104511
18.4714	0.104295
18.4716	0.104079
18.4717	0.103863
18.4718	0.103648
18.472	0.103433
18.4721	0.103218
18.4722	0.103003
18.4724	0.102789
18.4725	0.102575
18.4726	0.102361
18.4728	0.102147
18.4729	0.101933
18.473	0.10172
18.4732	0.101507
18.4733	0.101294
18.4734	0.101081
18.4736	0.100869
18.4737	0.100656
18.4738	0.100444
18.474	0.100233
18.4741	0.100021
18.4742	0.0998097
18.4744	0.0995986
18.4745	0.0993877
18.4746	0.099177
18.4748	0.0989666
18.4749	0.0987564
18.475	0.0985464
18.4752	0.0983366
18.4753	0.098127
18.4754	0.0979177
18.4756	0.0977086
18.4757	0.0974997
18.4758	0.097291
18.476	0.0970825
18.4761	0.0968743
18.4762	0.0966663
18.4764	0.0964585
18.4765	0.096251
18.4766	0.0960436
18.4768	0.0958365
18.4769	0.0956296
18.477	0.095423
18.4772	0.0952165
18.4773	0.0950103
18.4774	0.0948043
18.4776	0.0945985
18.4777	0.094393
18.4778	0.0941876
18.478	0.0939825
18.4781	0.0937776
18.4782	0.093573
18.4784	0.0933685
18.4785	0.0931643
18.4786	0.0929603
18.4788	0.0927566
18.4789	0.092553
18.479	0.0923497
18.4792	0.0921466
18.4793	0.0919437
18.4794	0.091741
18.4796	0.0915386
18.4797	0.0913364
18.4798	0.0911344
18.48	0.0909326
18.4801	0.0907311
18.4802	0.0905297
18.4804	0.0903286
18.4805	0.0901278
18.4806	0.0899271
18.4808	0.0897267
18.4809	0.0895265
18.481	0.0893265
18.4812	0.0891267
18.4813	0.0889272
18.4814	0.0887278
18.4816	0.0885288
18.4817	0.0883299
18.4818	0.0881312
18.482	0.0879328
18.4821	0.0877346
18.4822	0.0875366
18.4824	0.0873388
18.4825	0.0871413
18.4826	0.086944
18.4828	0.0867469
18.4829	0.08655
18.483	0.0863534
18.4832	0.086157
18.4833	0.0859608
18.4834	0.0857648
18.4836	0.085569
18.4837	0.0853735
18.4838	0.0851782
18.484	0.0849831
18.4841	0.0847882
18.4842	0.0845936
18.4844	0.0843992
18.4845	0.084205
18.4846	0.084011
18.4848	0.0838172
18.4849	0.0836237
18.485	0.0834304
18.4852	0.0832373
18.4853	0.0830445
18.4854	0.0828518
18.4856	0.0826594
18.4857	0.0824672
18.4858	0.0822753
18.486	0.0820835
18.4861	0.081892
18.4862	0.0817007
18.4864	0.0815096
18.4865	0.0813188
18.4866	0.0811281
18.4868	0.0809377
18.4869	0.0807475
18.487	0.0805576
18.4872	0.0803678
18.4873	0.0801783
18.4874	0.079989
18.4876	0.0798
18.4877	0.0796111
18.4878	0.0794225
18.488	0.0792341
18.4881	0.0790459
18.4882	0.0788579
18.4884	0.0786702
18.4885	0.0784827
18.4886	0.0782954
18.4888	0.0781083
18.4889	0.0779215
18.489	0.0777349
18.4892	0.0775485
18.4893	0.0773623
18.4894	0.0771764
18.4896	0.0769906
18.4897	0.0768051
18.4898	0.0766198
18.49	0.0764348
18.4901	0.0762499
18.4902	0.0760653
18.4904	0.0758809
18.4905	0.0756968
18.4906	0.0755128
18.4908	0.0753291
18.4909	0.0751456
18.491	0.0749623
18.4912	0.0747793
18.4913	0.0745964
18.4914	0.0744138
18.4916	0.0742314
18.4917	0.0740493
18.4918	0.0738673
18.492	0.0736856
18.4921	0.0735041
18.4922	0.0733229
18.4924	0.0731418
18.4925	0.072961
18.4926	0.0727804
18.4928	0.0726
18.4929	0.0724199
18.493	0.0722399
18.4932	0.0720602
18.4933	0.0718807
18.4934	0.0717015
18.4936	0.0715224
18.4937	0.0713436
18.4938	0.071165
18.494	0.0709867
18.4941	0.0708085
18.4942	0.0706306
18.4944	0.0704529
18.4945	0.0702754
18.4946	0.0700981
18.4948	0.0699211
18.4949	0.0697443
18.495	0.0695677
18.4952	0.0693914
18.4953	0.0692152
18.4954	0.0690393
18.4956	0.0688636
18.4957	0.0686881
18.4958	0.0685129
18.496	0.0683379
18.4961	0.0681631
18.4962	0.0679885
18.4964	0.0678141
18.4965	0.06764
18.4966	0.0674661
18.4968	0.0672924
18.4969	0.0671189
18.497	0.0669457
18.4972	0.0667727
18.4973	0.0665999
18.4974	0.0664273
18.4976	0.0662549
18.4977	0.0660828
18.4978	0.0659109
18.498	0.0657392
18.4981	0.0655678
18.4982	0.0653965
18.4984	0.0652255
18.4985	0.0650548
18.4986	0.0648842
18.4988	0.0647138
18.4989	0.0645437
18.499	0.0643738
18.4992	0.0642042
18.4993	0.0640347
18.4994	0.0638655
18.4996	0.0636965
18.4997	0.0635277
18.4998	0.0633592
18.5	0.0631908
18.5001	0.0630227
18.5002	0.0628548
18.5004	0.0626872
18.5005	0.0625197
18.5006	0.0623525
18.5008	0.0621855
18.5009	0.0620187
18.501	0.0618522
18.5012	0.0616859
18.5013	0.0615198
18.5014	0.0613539
18.5016	0.0611882
18.5017	0.0610228
18.5018	0.0608576
18.502	0.0606926
18.5021	0.0605278
18.5022	0.0603633
18.5024	0.060199
18.5025	0.0600349
18.5026	0.059871
18.5028	0.0597074
18.5029	0.059544
18.503	0.0593808
18.5032	0.0592178
18.5033	0.059055
18.5034	0.0588925
18.5036	0.0587302
18.5037	0.0585681
18.5038	0.0584063
18.504	0.0582446
18.5041	0.0580832
18.5042	0.057922
18.5044	0.057761
18.5045	0.0576003
18.5046	0.0574398
18.5048	0.0572795
18.5049	0.0571194
18.505	0.0569596
18.5052	0.0567999
18.5053	0.0566405
18.5054	0.0564813
18.5056	0.0563224
18.5057	0.0561636
18.5058	0.0560051
18.506	0.0558468
18.5061	0.0556888
18.5062	0.0555309
18.5064	0.0553733
18.5065	0.0552159
18.5066	0.0550588
18.5068	0.0549018
18.5069	0.0547451
18.507	0.0545886
18.5072	0.0544323
18.5073	0.0542762
18.5074	0.0541204
18.5076	0.0539648
18.5077	0.0538094
18.5078	0.0536543
18.508	0.0534993
18.5081	0.0533446
18.5082	0.0531901
18.5084	0.0530358
18.5085	0.0528818
18.5086	0.052728
18.5088	0.0525744
18.5089	0.052421
18.509	0.0522679
18.5092	0.0521149
18.5093	0.0519622
18.5094	0.0518097
18.5096	0.0516575
18.5097	0.0515054
18.5098	0.0513536
18.51	0.051202
18.5101	0.0510507
18.5102	0.0508995
18.5104	0.0507486
18.5105	0.0505979
18.5106	0.0504475
18.5108	0.0502972
18.5109	0.0501472
18.511	0.0499974
18.5112	0.0498478
18.5113	0.0496984
18.5114	0.0495493
18.5116	0.0494004
18.5117	0.0492517
18.5118	0.0491033
18.512	0.048955
18.5121	0.048807
18.5122	0.0486592
18.5124	0.0485117
18.5125	0.0483643
18.5126	0.0482172
18.5128	0.0480703
18.5129	0.0479236
18.513	0.0477772
18.5132	0.0476309
18.5133	0.0474849
18.5134	0.0473392
18.5136	0.0471936
18.5137	0.0470483
18.5138	0.0469032
18.514	0.0467583
18.5141	0.0466136
18.5142	0.0464692
18.5144	0.046325
18.5145	0.046181
18.5146	0.0460372
18.5148	0.0458936
18.5149	0.0457503
18.515	0.0456072
18.5152	0.0454644
18.5153	0.0453217
18.5154	0.0451793
18.5156	0.0450371
18.5157	0.0448951
18.5158	0.0447533
18.516	0.0446118
18.5161	0.0444705
18.5162	0.0443294
18.5164	0.0441885
18.5165	0.0440479
18.5166	0.0439075
18.5168	0.0437673
18.5169	0.0436273
18.517	0.0434876
18.5172	0.0433481
18.5173	0.0432088
18.5174	0.0430697
18.5176	0.0429308
18.5177	0.0427922
18.5178	0.0426538
18.518	0.0425156
18.5181	0.0423777
18.5182	0.0422399
18.5184	0.0421024
18.5185	0.0419651
18.5186	0.0418281
18.5188	0.0416912
18.5189	0.0415546
18.519	0.0414182
18.5192	0.0412821
18.5193	0.0411461
18.5194	0.0410104
18.5196	0.0408749
18.5197	0.0407396
18.5198	0.0406046
18.52	0.0404697
18.5201	0.0403351
18.5202	0.0402008
18.5204	0.0400666
18.5205	0.0399327
18.5206	0.039799
18.5208	0.0396655
18.5209	0.0395322
18.521	0.0393992
18.5212	0.0392664
18.5213	0.0391338
18.5214	0.0390014
18.5216	0.0388693
18.5217	0.0387373
18.5218	0.0386056
18.522	0.0384742
18.5221	0.0383429
18.5222	0.0382119
18.5224	0.0380811
18.5225	0.0379505
18.5226	0.0378202
18.5228	0.03769
18.5229	0.0375601
18.523	0.0374304
18.5232	0.037301
18.5233	0.0371717
18.5234	0.0370427
18.5236	0.0369139
18.5237	0.0367854
18.5238	0.036657
18.524	0.0365289
18.5241	0.036401
18.5242	0.0362734
18.5244	0.0361459
18.5245	0.0360187
18.5246	0.0358917
18.5248	0.0357649
18.5249	0.0356384
18.525	0.035512
18.5252	0.0353859
18.5253	0.0352601
18.5254	0.0351344
18.5256	0.035009
18.5257	0.0348838
18.5258	0.0347588
18.526	0.034634
18.5261	0.0345095
18.5262	0.0343852
18.5264	0.0342611
18.5265	0.0341372
18.5266	0.0340136
18.5268	0.0338901
18.5269	0.0337669
18.527	0.033644
18.5272	0.0335212
18.5273	0.0333987
18.5274	0.0332764
18.5276	0.0331543
18.5277	0.0330325
18.5278	0.0329108
18.528	0.0327894
18.5281	0.0326683
18.5282	0.0325473
18.5284	0.0324266
18.5285	0.0323061
18.5286	0.0321858
18.5288	0.0320657
18.5289	0.0319459
18.529	0.0318263
18.5292	0.0317069
18.5293	0.0315877
18.5294	0.0314688
18.5296	0.03135
18.5297	0.0312315
18.5298	0.0311133
18.53	0.0309952
18.5301	0.0308774
18.5302	0.0307598
18.5304	0.0306424
18.5305	0.0305253
18.5306	0.0304083
18.5308	0.0302916
18.5309	0.0301751
18.531	0.0300589
18.5312	0.0299429
18.5313	0.029827
18.5314	0.0297115
18.5316	0.0295961
18.5317	0.029481
18.5318	0.029366
18.532	0.0292514
18.5321	0.0291369
18.5322	0.0290226
18.5324	0.0289086
18.5325	0.0287948
18.5326	0.0286813
18.5328	0.0285679
18.5329	0.0284548
18.533	0.0283419
18.5332	0.0282292
18.5333	0.0281168
18.5334	0.0280045
18.5336	0.0278925
18.5337	0.0277808
18.5338	0.0276692
18.534	0.0275579
18.5341	0.0274468
18.5342	0.0273359
18.5344	0.0272252
18.5345	0.0271148
18.5346	0.0270046
18.5348	0.0268946
18.5349	0.0267848
18.535	0.0266753
18.5352	0.026566
18.5353	0.0264569
18.5354	0.026348
18.5356	0.0262394
18.5357	0.0261309
18.5358	0.0260227
18.536	0.0259148
18.5361	0.025807
18.5362	0.0256995
18.5364	0.0255922
18.5365	0.0254851
18.5366	0.0253783
18.5368	0.0252716
18.5369	0.0251652
18.537	0.0250591
18.5372	0.0249531
18.5373	0.0248474
18.5374	0.0247419
18.5376	0.0246366
18.5377	0.0245315
18.5378	0.0244267
18.538	0.0243221
18.5381	0.0242177
18.5382	0.0241135
18.5384	0.0240096
18.5385	0.0239059
18.5386	0.0238024
18.5388	0.0236991
18.5389	0.023596
18.539	0.0234932
18.5392	0.0233906
18.5393	0.0232883
18.5394	0.0231861
18.5396	0.0230842
18.5397	0.0229825
18.5398	0.022881
18.54	0.0227798
18.5401	0.0226787
18.5402	0.0225779
18.5404	0.0224773
18.5405	0.022377
18.5406	0.0222769
18.5408	0.022177
18.5409	0.0220773
18.541	0.0219778
18.5412	0.0218786
18.5413	0.0217796
18.5414	0.0216808
18.5416	0.0215822
18.5417	0.0214839
18.5418	0.0213858
18.542	0.0212879
18.5421	0.0211902
18.5422	0.0210928
18.5424	0.0209955
18.5425	0.0208985
18.5426	0.0208018
18.5428	0.0207052
18.5429	0.0206089
18.543	0.0205128
18.5432	0.0204169
18.5433	0.0203213
18.5434	0.0202259
18.5436	0.0201307
18.5437	0.0200357
18.5438	0.0199409
18.544	0.0198464
18.5441	0.0197521
18.5442	0.019658
18.5444	0.0195642
18.5445	0.0194705
18.5446	0.0193771
18.5448	0.0192839
18.5449	0.019191
18.545	0.0190982
18.5452	0.0190057
18.5453	0.0189134
18.5454	0.0188214
18.5456	0.0187295
18.5457	0.0186379
18.5458	0.0185465
18.546	0.0184554
18.5461	0.0183644
18.5462	0.0182737
18.5464	0.0181832
18.5465	0.018093
18.5466	0.0180029
18.5468	0.0179131
18.5469	0.0178235
18.547	0.0177341
18.5472	0.017645
18.5473	0.017556
18.5474	0.0174673
18.5476	0.0173789
18.5477	0.0172906
18.5478	0.0172026
18.548	0.0171148
18.5481	0.0170272
18.5482	0.0169399
18.5484	0.0168527
18.5485	0.0167658
18.5486	0.0166791
18.5488	0.0165927
18.5489	0.0165065
18.549	0.0164204
18.5492	0.0163347
18.5493	0.0162491
18.5494	0.0161638
18.5496	0.0160787
18.5497	0.0159938
18.5498	0.0159091
18.55	0.0158247
18.5501	0.0157405
18.5503	0.0156565
18.5504	0.0155727
18.5505	0.0154892
18.5507	0.0154058
18.5508	0.0153227
18.5509	0.0152399
18.5511	0.0151572
18.5512	0.0150748
18.5513	0.0149926
18.5515	0.0149106
18.5516	0.0148289
18.5517	0.0147474
18.5519	0.0146661
18.552	0.014585
18.5521	0.0145042
18.5523	0.0144235
18.5524	0.0143431
18.5525	0.014263
18.5527	0.014183
18.5528	0.0141033
18.5529	0.0140238
18.5531	0.0139445
18.5532	0.0138654
18.5533	0.0137866
18.5535	0.013708
18.5536	0.0136296
18.5537	0.0135515
18.5539	0.0134735
18.554	0.0133958
18.5541	0.0133183
18.5543	0.0132411
18.5544	0.013164
18.5545	0.0130872
18.5547	0.0130106
18.5548	0.0129343
18.5549	0.0128581
18.5551	0.0127822
18.5552	0.0127065
18.5553	0.0126311
18.5555	0.0125558
18.5556	0.0124808
18.5557	0.012406
18.5559	0.0123315
18.556	0.0122571
18.5561	0.012183
18.5563	0.0121091
18.5564	0.0120354
18.5565	0.011962
18.5567	0.0118888
18.5568	0.0118158
18.5569	0.011743
18.5571	0.0116705
18.5572	0.0115981
18.5573	0.011526
18.5575	0.0114542
18.5576	0.0113825
18.5577	0.0113111
18.5579	0.0112399
18.558	0.0111689
18.5581	0.0110982
18.5583	0.0110276
18.5584	0.0109573
18.5585	0.0108873
18.5587	0.0108174
18.5588	0.0107478
18.5589	0.0106784
18.5591	0.0106092
18.5592	0.0105403
18.5593	0.0104715
18.5595	0.010403
18.5596	0.0103347
18.5597	0.0102667
18.5599	0.0101988
18.56	0.0101312
18.5601	0.0100639
18.5603	0.00999669
18.5604	0.00992976
18.5605	0.00986305
18.5607	0.00979656
18.5608	0.0097303
18.5609	0.00966427
18.5611	0.00959846
18.5612	0.00953287
18.5613	0.00946751
18.5615	0.00940237
18.5616	0.00933746
18.5617	0.00927277
18.5619	0.0092083
18.562	0.00914406
18.5621	0.00908005
18.5623	0.00901626
18.5624	0.00895269
18.5625	0.00888935
18.5627	0.00882623
18.5628	0.00876334
18.5629	0.00870067
18.5631	0.00863823
18.5632	0.00857601
18.5633	0.00851402
18.5635	0.00845225
18.5636	0.0083907
18.5637	0.00832938
18.5639	0.00826829
18.564	0.00820742
18.5641	0.00814677
18.5643	0.00808635
18.5644	0.00802615
18.5645	0.00796618
18.5647	0.00790643
18.5648	0.00784691
18.5649	0.00778761
18.5651	0.00772854
18.5652	0.00766969
18.5653	0.00761107
18.5655	0.00755267
18.5656	0.00749449
18.5657	0.00743654
18.5659	0.00737881
18.566	0.00732131
18.5661	0.00726404
18.5663	0.00720698
18.5664	0.00715016
18.5665	0.00709355
18.5667	0.00703718
18.5668	0.00698102
18.5669	0.0069251
18.5671	0.00686939
18.5672	0.00681391
18.5673	0.00675866
18.5675	0.00670363
18.5676	0.00664882
18.5677	0.00659424
18.5679	0.00653989
18.568	0.00648576
18.5681	0.00643185
18.5683	0.00637817
18.5684	0.00632471
18.5685	0.00627148
18.5687	0.00621847
18.5688	0.00616569
18.5689	0.00611313
18.5691	0.0060608
18.5692	0.00600869
18.5693	0.00595681
18.5695	0.00590515
18.5696	0.00585371
18.5697	0.0058025
18.5699	0.00575152
18.57	0.00570076
18.5701	0.00565022
18.5703	0.00559991
18.5704	0.00554983
18.5705	0.00549997
18.5707	0.00545033
18.5708	0.00540092
18.5709	0.00535173
18.5711	0.00530277
18.5712	0.00525403
18.5713	0.00520552
18.5715	0.00515724
18.5716	0.00510917
18.5717	0.00506133
18.5719	0.00501372
18.572	0.00496633
18.5721	0.00491917
18.5723	0.00487223
18.5724	0.00482552
18.5725	0.00477903
18.5727	0.00473276
18.5728	0.00468672
18.5729	0.00464091
18.5731	0.00459532
18.5732	0.00454995
18.5733	0.00450481
18.5735	0.0044599
18.5736	0.00441521
18.5737	0.00437074
18.5739	0.0043265
18.574	0.00428249
18.5741	0.0042387
18.5743	0.00419513
18.5744	0.00415179
18.5745	0.00410867
18.5747	0.00406578
18.5748	0.00402311
18.5749	0.00398067
18.5751	0.00393845
18.5752	0.00389646
18.5753	0.00385469
18.5755	0.00381315
18.5756	0.00377183
18.5757	0.00373074
18.5759	0.00368987
18.576	0.00364923
18.5761	0.00360881
18.5763	0.00356862
18.5764	0.00352865
18.5765	0.00348891
18.5767	0.00344939
18.5768	0.0034101
18.5769	0.00337103
18.5771	0.00333218
18.5772	0.00329357
18.5773	0.00325517
18.5775	0.003217
18.5776	0.00317906
18.5777	0.00314134
18.5779	0.00310385
18.578	0.00306658
18.5781	0.00302953
18.5783	0.00299271
18.5784	0.00295612
18.5785	0.00291975
18.5787	0.0028836
18.5788	0.00284768
18.5789	0.00281199
18.5791	0.00277652
18.5792	0.00274128
18.5793	0.00270626
18.5795	0.00267146
18.5796	0.00263689
18.5797	0.00260255
18.5799	0.00256843
18.58	0.00253453
18.5801	0.00250086
18.5803	0.00246742
18.5804	0.0024342
18.5805	0.0024012
18.5807	0.00236843
18.5808	0.00233589
18.5809	0.00230357
18.5811	0.00227147
18.5812	0.0022396
18.5813	0.00220796
18.5815	0.00217654
18.5816	0.00214535
18.5817	0.00211438
18.5819	0.00208363
18.582	0.00205311
18.5821	0.00202282
18.5823	0.00199275
18.5824	0.0019629
18.5825	0.00193328
18.5827	0.00190389
18.5828	0.00187472
18.5829	0.00184577
18.5831	0.00181706
18.5832	0.00178856
18.5833	0.00176029
18.5835	0.00173225
18.5836	0.00170443
18.5837	0.00167683
18.5839	0.00164947
18.584	0.00162232
18.5841	0.0015954
18.5843	0.00156871
18.5844	0.00154224
18.5845	0.001516
18.5847	0.00148998
18.5848	0.00146419
18.5849	0.00143862
18.5851	0.00141327
18.5852	0.00138816
18.5853	0.00136326
18.5855	0.00133859
18.5856	0.00131415
18.5857	0.00128993
18.5859	0.00126594
18.586	0.00124217
18.5861	0.00121863
18.5863	0.00119532
18.5864	0.00117222
18.5865	0.00114936
18.5867	0.00112671
18.5868	0.0011043
18.5869	0.00108211
18.5871	0.00106014
18.5872	0.0010384
18.5873	0.00101688
18.5875	0.000995592
18.5876	0.000974526
18.5877	0.000953686
18.5879	0.00093307
18.588	0.00091268
18.5881	0.000892515
18.5883	0.000872575
18.5884	0.00085286
18.5885	0.000833371
18.5887	0.000814107
18.5888	0.000795067
18.5889	0.000776253
18.5891	0.000757665
18.5892	0.000739301
18.5893	0.000721163
18.5895	0.000703249
18.5896	0.000685561
18.5897	0.000668099
18.5899	0.000650861
18.59	0.000633849
18.5901	0.000617062
18.5903	0.0006005
18.5904	0.000584163
18.5905	0.000568051
18.5907	0.000552165
18.5908	0.000536504
18.5909	0.000521068
18.5911	0.000505858
18.5912	0.000490872
18.5913	0.000476112
18.5915	0.000461578
18.5916	0.000447268
18.5917	0.000433184
18.5919	0.000419325
18.592	0.000405691
18.5921	0.000392282
18.5923	0.000379099
18.5924	0.000366141
18.5925	0.000353408
18.5927	0.000340901
18.5928	0.000328618
18.5929	0.000316561
18.5931	0.00030473
18.5932	0.000293123
18.5933	0.000281742
18.5935	0.000270587
18.5936	0.000259656
18.5937	0.000248951
18.5939	0.000238471
18.594	0.000228217
18.5941	0.000218187
18.5943	0.000208383
18.5944	0.000198805
18.5945	0.000189451
18.5947	0.000180323
18.5948	0.000171421
18.5949	0.000162743
18.5951	0.000154291
18.5952	0.000146065
18.5953	0.000138063
18.5955	0.000130287
18.5956	0.000122736
18.5957	0.000115411
18.5959	0.000108311
18.596	0.000101436
18.5961	9.47872e-05
18.5963	8.83632e-05
18.5964	8.21647e-05
18.5965	7.61914e-05
18.5967	7.04436e-05
18.5968	6.49211e-05
18.5969	5.9624e-05
18.5971	5.45523e-05
18.5972	4.97059e-05
18.5973	4.50849e-05
18.5975	4.06893e-05
18.5976	3.65191e-05
18.5977	3.25743e-05
18.5979	2.88549e-05
18.598	2.53608e-05
18.5981	2.20922e-05
18.5983	1.9049e-05
18.5984	1.62312e-05
18.5985	1.36387e-05
18.5987	1.12717e-05
18.5988	9.13015e-06
18.5989	7.21398e-06
18.5991	5.52323e-06
18.5992	4.0579e-06
18.5993	2.818e-06
18.5995	1.80353e-06
18.5996	1.01449e-06
18.5997	4.50886e-07
18.5999	1.12722e-07
18.6	0
