0	18.6	3000
0	-nan
0.00620207	1.41443e-08
0.0124041	3.29445e-06
0.0186062	3.68412e-05
0.0248083	0.000155347
0.0310103	0.000414718
0.0372124	0.000856118
0.0434145	0.00150381
0.0496165	0.00236832
0.0558186	0.00345037
0.0620207	0.00474428
0.0682227	0.00624045
0.0744248	0.00792706
0.0806269	0.00979126
0.0868289	0.0118199
0.093031	0.0140002
0.0992331	0.0163195
0.105435	0.0187662
0.111637	0.0213292
0.117839	0.0239982
0.124041	0.0267638
0.130243	0.0296171
0.136445	0.0325501
0.142648	0.0355555
0.14885	0.0386264
0.155052	0.0417566
0.161254	0.0449403
0.167456	0.0481725
0.173658	0.0514482
0.17986	0.054763
0.186062	0.0581131
0.192264	0.0614945
0.198466	0.064904
0.204668	0.0683384
0.21087	0.0717949
0.217072	0.0752708
0.223274	0.0787636
0.229476	0.0822712
0.235679	0.0857915
0.241881	0.0893226
0.248083	0.0928627
0.254285	0.0964102
0.260487	0.0999637
0.266689	0.103522
0.272891	0.107083
0.279093	0.110646
0.285295	0.11421
0.291497	0.117775
0.297699	0.121338
0.303901	0.124899
0.310103	0.128458
0.316305	0.132014
0.322508	0.135565
0.32871	0.139112
0.334912	0.142653
0.341114	0.146189
0.347316	0.149718
0.353518	0.15324
0.35972	0.156756
0.365922	0.160263
0.372124	0.163763
0.378326	0.167254
0.384528	0.170736
0.39073	0.17421
0.396932	0.177674
0.403134	0.181128
0.409336	0.184573
0.415539	0.188008
0.421741	0.191433
0.427943	0.194847
0.434145	0.198251
0.440347	0.201645
0.446549	0.205027
0.452751	0.208399
0.458953	0.211759
0.465155	0.215109
0.471357	0.218447
0.477559	0.221773
0.483761	0.225089
0.489963	0.228393
0.496165	0.231685
0.502367	0.234966
0.50857	0.238235
0.514772	0.241493
0.520974	0.244738
0.527176	0.247972
0.533378	0.251194
0.53958	0.254405
0.545782	0.257603
0.551984	0.26079
0.558186	0.263965
0.564388	0.267128
0.57059	0.27028
0.576792	0.273419
0.582994	0.276547
0.589196	0.279662
0.595398	0.282766
0.601601	0.285859
0.607803	0.288939
0.614005	0.292008
0.620207	0.295065
0.626409	0.29811
0.632611	0.301143
0.638813	0.304165
0.645015	0.307176
0.651217	0.310174
0.657419	0.313161
0.663621	0.316137
0.669823	0.319101
0.676025	0.322053
0.682227	0.324994
0.688429	0.327924
0.694632	0.330842
0.700834	0.333749
0.707036	0.336645
0.713238	0.339529
0.71944	0.342402
0.725642	0.345264
0.731844	0.348115
0.738046	0.350955
0.744248	0.353784
0.75045	0.356602
0.756652	0.359408
0.762854	0.362204
0.769056	0.364989
0.775258	0.367763
0.78146	0.370527
0.787663	0.373279
0.793865	0.376021
0.800067	0.378752
0.806269	0.381473
0.812471	0.384183
0.818673	0.386883
0.824875	0.389572
0.831077	0.39225
0.837279	0.394918
0.843481	0.397576
0.849683	0.400224
0.855885	0.402861
0.862087	0.405488
0.868289	0.408105
0.874491	0.410712
0.880694	0.413309
0.886896	0.415896
0.893098	0.418473
0.8993	0.421039
0.905502	0.423596
0.911704	0.426144
0.917906	0.428681
0.924108	0.431208
0.93031	0.433726
0.936512	0.436234
0.942714	0.438733
0.948916	0.441222
0.955118	0.443701
0.96132	0.446171
0.967523	0.448631
0.973725	0.451082
0.979927	0.453524
0.986129	0.455956
0.992331	0.458379
0.998533	0.460793
1.00473	0.463197
1.01094	0.465593
1.01714	0.467979
1.02334	0.470356
1.02954	0.472724
1.03575	0.475083
1.04195	0.477433
1.04815	0.479774
1.05435	0.482107
1.06055	0.48443
1.06676	0.486745
1.07296	0.489051
1.07916	0.491348
1.08536	0.493636
1.09156	0.495916
1.09777	0.498188
1.10397	0.50045
1.11017	0.502704
1.11637	0.50495
1.12257	0.507187
1.12878	0.509416
1.13498	0.511636
1.14118	0.513848
1.14738	0.516052
1.15358	0.518247
1.15979	0.520435
1.16599	0.522614
1.17219	0.524784
1.17839	0.526947
1.18459	0.529102
1.1908	0.531248
1.197	0.533387
1.2032	0.535517
1.2094	0.53764
1.21561	0.539754
1.22181	0.541861
1.22801	0.54396
1.23421	0.546051
1.24041	0.548134
1.24662	0.55021
1.25282	0.552277
1.25902	0.554337
1.26522	0.55639
1.27142	0.558435
1.27763	0.560472
1.28383	0.562501
1.29003	0.564524
1.29623	0.566538
1.30243	0.568545
1.30864	0.570545
1.31484	0.572537
1.32104	0.574522
1.32724	0.576499
1.33344	0.57847
1.33965	0.580433
1.34585	0.582388
1.35205	0.584337
1.35825	0.586278
1.36445	0.588212
1.37066	0.590139
1.37686	0.592059
1.38306	0.593971
1.38926	0.595877
1.39547	0.597776
1.40167	0.599667
1.40787	0.601552
1.41407	0.60343
1.42027	0.6053
1.42648	0.607164
1.43268	0.609021
1.43888	0.610871
1.44508	0.612715
1.45128	0.614551
1.45749	0.616381
1.46369	0.618204
1.46989	0.620021
1.47609	0.62183
1.48229	0.623633
1.4885	0.62543
1.4947	0.62722
1.5009	0.629003
1.5071	0.63078
1.5133	0.63255
1.51951	0.634314
1.52571	0.636071
1.53191	0.637822
1.53811	0.639566
1.54431	0.641304
1.55052	0.643035
1.55672	0.644761
1.56292	0.646479
1.56912	0.648192
1.57533	0.649898
1.58153	0.651598
1.58773	0.653292
1.59393	0.654979
1.60013	0.656661
1.60634	0.658336
1.61254	0.660005
1.61874	0.661668
1.62494	0.663325
1.63114	0.664976
1.63735	0.66662
1.64355	0.668259
1.64975	0.669891
1.65595	0.671518
1.66215	0.673139
1.66836	0.674753
1.67456	0.676362
1.68076	0.677965
1.68696	0.679562
1.69316	0.681153
1.69937	0.682738
1.70557	0.684318
1.71177	0.685892
1.71797	0.687459
1.72417	0.689022
1.73038	0.690578
1.73658	0.692129
1.74278	0.693673
1.74898	0.695213
1.75519	0.696746
1.76139	0.698274
1.76759	0.699797
1.77379	0.701313
1.77999	0.702824
1.7862	0.70433
1.7924	0.70583
1.7986	0.707325
1.8048	0.708814
1.811	0.710297
1.81721	0.711775
1.82341	0.713248
1.82961	0.714715
1.83581	0.716176
1.84201	0.717633
1.84822	0.719084
1.85442	0.720529
1.86062	0.72197
1.86682	0.723404
1.87302	0.724834
1.87923	0.726258
1.88543	0.727677
1.89163	0.729091
1.89783	0.7305
1.90403	0.731903
1.91024	0.733301
1.91644	0.734694
1.92264	0.736082
1.92884	0.737464
1.93505	0.738842
1.94125	0.740214
1.94745	0.741581
1.95365	0.742943
1.95985	0.744301
1.96606	0.745653
1.97226	0.747
1.97846	0.748342
1.98466	0.749678
1.99086	0.75101
1.99707	0.752337
2.00327	0.753659
2.00947	0.754976
2.01567	0.756289
2.02187	0.757596
2.02808	0.758898
2.03428	0.760196
2.04048	0.761488
2.04668	0.762776
2.05288	0.764059
2.05909	0.765337
2.06529	0.76661
2.07149	0.767879
2.07769	0.769142
2.08389	0.770401
2.0901	0.771656
2.0963	0.772905
2.1025	0.77415
2.1087	0.77539
2.1149	0.776625
2.12111	0.777856
2.12731	0.779082
2.13351	0.780303
2.13971	0.78152
2.14592	0.782732
2.15212	0.78394
2.15832	0.785143
2.16452	0.786341
2.17072	0.787535
2.17693	0.788724
2.18313	0.789909
2.18933	0.791089
2.19553	0.792264
2.20173	0.793436
2.20794	0.794602
2.21414	0.795765
2.22034	0.796922
2.22654	0.798076
2.23274	0.799225
2.23895	0.800369
2.24515	0.801509
2.25135	0.802645
2.25755	0.803776
2.26375	0.804903
2.26996	0.806026
2.27616	0.807144
2.28236	0.808258
2.28856	0.809367
2.29476	0.810473
2.30097	0.811574
2.30717	0.81267
2.31337	0.813763
2.31957	0.814851
2.32578	0.815935
2.33198	0.817015
2.33818	0.81809
2.34438	0.819162
2.35058	0.820229
2.35679	0.821292
2.36299	0.82235
2.36919	0.823405
2.37539	0.824456
2.38159	0.825502
2.3878	0.826544
2.394	0.827582
2.4002	0.828616
2.4064	0.829646
2.4126	0.830672
2.41881	0.831694
2.42501	0.832711
2.43121	0.833725
2.43741	0.834735
2.44361	0.83574
2.44982	0.836742
2.45602	0.83774
2.46222	0.838733
2.46842	0.839723
2.47462	0.840709
2.48083	0.84169
2.48703	0.842668
2.49323	0.843642
2.49943	0.844612
2.50564	0.845578
2.51184	0.84654
2.51804	0.847498
2.52424	0.848452
2.53044	0.849403
2.53665	0.85035
2.54285	0.851292
2.54905	0.852231
2.55525	0.853166
2.56145	0.854098
2.56766	0.855025
2.57386	0.855949
2.58006	0.856869
2.58626	0.857785
2.59246	0.858697
2.59867	0.859606
2.60487	0.86051
2.61107	0.861411
2.61727	0.862309
2.62347	0.863202
2.62968	0.864092
2.63588	0.864979
2.64208	0.865861
2.64828	0.86674
2.65448	0.867615
2.66069	0.868487
2.66689	0.869355
2.67309	0.870219
2.67929	0.871079
2.6855	0.871936
2.6917	0.87279
2.6979	0.87364
2.7041	0.874486
2.7103	0.875328
2.71651	0.876167
2.72271	0.877003
2.72891	0.877835
2.73511	0.878663
2.74131	0.879488
2.74752	0.880309
2.75372	0.881127
2.75992	0.881941
2.76612	0.882752
2.77232	0.883559
2.77853	0.884363
2.78473	0.885163
2.79093	0.88596
2.79713	0.886753
2.80333	0.887543
2.80954	0.888329
2.81574	0.889112
2.82194	0.889892
2.82814	0.890668
2.83434	0.891441
2.84055	0.89221
2.84675	0.892976
2.85295	0.893739
2.85915	0.894498
2.86536	0.895254
2.87156	0.896006
2.87776	0.896756
2.88396	0.897501
2.89016	0.898244
2.89637	0.898983
2.90257	0.899719
2.90877	0.900451
2.91497	0.901181
2.92117	0.901907
2.92738	0.902629
2.93358	0.903349
2.93978	0.904065
2.94598	0.904777
2.95218	0.905487
2.95839	0.906193
2.96459	0.906897
2.97079	0.907596
2.97699	0.908293
2.98319	0.908987
2.9894	0.909677
2.9956	0.910364
3.0018	0.911048
3.008	0.911728
3.0142	0.912406
3.02041	0.91308
3.02661	0.913751
3.03281	0.914419
3.03901	0.915084
3.04522	0.915746
3.05142	0.916405
3.05762	0.91706
3.06382	0.917712
3.07002	0.918362
3.07623	0.919008
3.08243	0.919651
3.08863	0.920291
3.09483	0.920928
3.10103	0.921562
3.10724	0.922193
3.11344	0.92282
3.11964	0.923445
3.12584	0.924067
3.13204	0.924685
3.13825	0.925301
3.14445	0.925913
3.15065	0.926523
3.15685	0.927129
3.16305	0.927733
3.16926	0.928334
3.17546	0.928931
3.18166	0.929526
3.18786	0.930117
3.19406	0.930706
3.20027	0.931292
3.20647	0.931874
3.21267	0.932454
3.21887	0.933031
3.22508	0.933605
3.23128	0.934176
3.23748	0.934744
3.24368	0.935309
3.24988	0.935872
3.25609	0.936431
3.26229	0.936988
3.26849	0.937541
3.27469	0.938092
3.28089	0.93864
3.2871	0.939185
3.2933	0.939727
3.2995	0.940266
3.3057	0.940803
3.3119	0.941336
3.31811	0.941867
3.32431	0.942395
3.33051	0.94292
3.33671	0.943443
3.34291	0.943962
3.34912	0.944479
3.35532	0.944993
3.36152	0.945504
3.36772	0.946012
3.37392	0.946518
3.38013	0.947021
3.38633	0.947521
3.39253	0.948018
3.39873	0.948513
3.40493	0.949005
3.41114	0.949494
3.41734	0.94998
3.42354	0.950464
3.42974	0.950945
3.43595	0.951423
3.44215	0.951898
3.44835	0.952371
3.45455	0.952841
3.46075	0.953309
3.46696	0.953773
3.47316	0.954235
3.47936	0.954695
3.48556	0.955152
3.49176	0.955606
3.49797	0.956057
3.50417	0.956506
3.51037	0.956952
3.51657	0.957395
3.52277	0.957836
3.52898	0.958275
3.53518	0.95871
3.54138	0.959143
3.54758	0.959574
3.55378	0.960001
3.55999	0.960427
3.56619	0.960849
3.57239	0.961269
3.57859	0.961687
3.58479	0.962102
3.591	0.962514
3.5972	0.962924
3.6034	0.963331
3.6096	0.963736
3.61581	0.964138
3.62201	0.964537
3.62821	0.964934
3.63441	0.965329
3.64061	0.965721
3.64682	0.96611
3.65302	0.966497
3.65922	0.966882
3.66542	0.967264
3.67162	0.967643
3.67783	0.96802
3.68403	0.968394
3.69023	0.968766
3.69643	0.969136
3.70263	0.969503
3.70884	0.969868
3.71504	0.97023
3.72124	0.970589
3.72744	0.970947
3.73364	0.971301
3.73985	0.971654
3.74605	0.972004
3.75225	0.972351
3.75845	0.972696
3.76465	0.973039
3.77086	0.973379
3.77706	0.973717
3.78326	0.974052
3.78946	0.974385
3.79567	0.974716
3.80187	0.975044
3.80807	0.97537
3.81427	0.975694
3.82047	0.976015
3.82668	0.976334
3.83288	0.97665
3.83908	0.976964
3.84528	0.977276
3.85148	0.977585
3.85769	0.977892
3.86389	0.978197
3.87009	0.978499
3.87629	0.978799
3.88249	0.979097
3.8887	0.979392
3.8949	0.979685
3.9011	0.979976
3.9073	0.980264
3.9135	0.980551
3.91971	0.980834
3.92591	0.981116
3.93211	0.981395
3.93831	0.981672
3.94451	0.981947
3.95072	0.98222
3.95692	0.98249
3.96312	0.982758
3.96932	0.983023
3.97553	0.983287
3.98173	0.983548
3.98793	0.983807
3.99413	0.984064
4.00033	0.984318
4.00654	0.984571
4.01274	0.984821
4.01894	0.985068
4.02514	0.985314
4.03134	0.985557
4.03755	0.985799
4.04375	0.986038
4.04995	0.986275
4.05615	0.986509
4.06235	0.986742
4.06856	0.986972
4.07476	0.9872
4.08096	0.987426
4.08716	0.98765
4.09336	0.987871
4.09957	0.988091
4.10577	0.988308
4.11197	0.988523
4.11817	0.988736
4.12437	0.988947
4.13058	0.989155
4.13678	0.989362
4.14298	0.989566
4.14918	0.989769
4.15539	0.989969
4.16159	0.990167
4.16779	0.990363
4.17399	0.990557
4.18019	0.990748
4.1864	0.990938
4.1926	0.991126
4.1988	0.991311
4.205	0.991495
4.2112	0.991676
4.21741	0.991855
4.22361	0.992032
4.22981	0.992207
4.23601	0.99238
4.24221	0.992551
4.24842	0.99272
4.25462	0.992887
4.26082	0.993052
4.26702	0.993215
4.27322	0.993375
4.27943	0.993534
4.28563	0.993691
4.29183	0.993845
4.29803	0.993998
4.30423	0.994149
4.31044	0.994297
4.31664	0.994444
4.32284	0.994588
4.32904	0.994731
4.33525	0.994871
4.34145	0.99501
4.34765	0.995147
4.35385	0.995281
4.36005	0.995414
4.36626	0.995544
4.37246	0.995673
4.37866	0.9958
4.38486	0.995924
4.39106	0.996047
4.39727	0.996168
4.40347	0.996287
4.40967	0.996404
4.41587	0.996519
4.42207	0.996632
4.42828	0.996743
4.43448	0.996852
4.44068	0.996959
4.44688	0.997064
4.45308	0.997168
4.45929	0.997269
4.46549	0.997369
4.47169	0.997466
4.47789	0.997562
4.48409	0.997656
4.4903	0.997748
4.4965	0.997838
4.5027	0.997926
4.5089	0.998012
4.51511	0.998096
4.52131	0.998179
4.52751	0.998259
4.53371	0.998338
4.53991	0.998415
4.54612	0.99849
4.55232	0.998563
4.55852	0.998634
4.56472	0.998703
4.57092	0.998771
4.57713	0.998837
4.58333	0.9989
4.58953	0.998962
4.59573	0.999022
4.60193	0.999081
4.60814	0.999137
4.61434	0.999192
4.62054	0.999245
4.62674	0.999296
4.63294	0.999345
4.63915	0.999392
4.64535	0.999438
4.65155	0.999482
4.65775	0.999524
4.66395	0.999564
4.67016	0.999602
4.67636	0.999639
4.68256	0.999674
4.68876	0.999707
4.69496	0.999738
4.70117	0.999767
4.70737	0.999795
4.71357	0.999821
4.71977	0.999845
4.72598	0.999868
4.73218	0.999888
4.73838	0.999907
4.74458	0.999924
4.75078	0.99994
4.75699	0.999953
4.76319	0.999965
4.76939	0.999975
4.77559	0.999984
4.78179	0.99999
4.788	0.999995
4.7942	0.999998
4.8004	1
4.8066	1
4.8128	0.999998
4.81901	0.999994
4.82521	0.999989
4.83141	0.999982
4.83761	0.999973
4.84381	0.999963
4.85002	0.99995
4.85622	0.999937
4.86242	0.999921
4.86862	0.999904
4.87482	0.999885
4.88103	0.999864
4.88723	0.999842
4.89343	0.999818
4.89963	0.999793
4.90584	0.999765
4.91204	0.999737
4.91824	0.999706
4.92444	0.999674
4.93064	0.99964
4.93685	0.999604
4.94305	0.999567
4.94925	0.999528
4.95545	0.999488
4.96165	0.999446
4.96786	0.999402
4.97406	0.999357
4.98026	0.99931
4.98646	0.999261
4.99266	0.999211
4.99887	0.999159
5.00507	0.999106
5.01127	0.999051
5.01747	0.998994
5.02367	0.998936
5.02988	0.998876
5.03608	0.998814
5.04228	0.998751
5.04848	0.998687
5.05468	0.99862
5.06089	0.998553
5.06709	0.998483
5.07329	0.998412
5.07949	0.99834
5.0857	0.998266
5.0919	0.99819
5.0981	0.998113
5.1043	0.998034
5.1105	0.997953
5.11671	0.997871
5.12291	0.997788
5.12911	0.997703
5.13531	0.997616
5.14151	0.997528
5.14772	0.997438
5.15392	0.997347
5.16012	0.997254
5.16632	0.99716
5.17252	0.997064
5.17873	0.996967
5.18493	0.996868
5.19113	0.996767
5.19733	0.996666
5.20353	0.996562
5.20974	0.996457
5.21594	0.996351
5.22214	0.996243
5.22834	0.996133
5.23454	0.996022
5.24075	0.99591
5.24695	0.995796
5.25315	0.99568
5.25935	0.995563
5.26556	0.995445
5.27176	0.995325
5.27796	0.995203
5.28416	0.995081
5.29036	0.994956
5.29657	0.99483
5.30277	0.994703
5.30897	0.994574
5.31517	0.994444
5.32137	0.994312
5.32758	0.994179
5.33378	0.994045
5.33998	0.993909
5.34618	0.993771
5.35238	0.993632
5.35859	0.993492
5.36479	0.99335
5.37099	0.993207
5.37719	0.993062
5.38339	0.992916
5.3896	0.992768
5.3958	0.992619
5.402	0.992469
5.4082	0.992317
5.4144	0.992164
5.42061	0.992009
5.42681	0.991853
5.43301	0.991695
5.43921	0.991536
5.44542	0.991376
5.45162	0.991214
5.45782	0.991051
5.46402	0.990887
5.47022	0.990721
5.47643	0.990554
5.48263	0.990385
5.48883	0.990215
5.49503	0.990043
5.50123	0.989871
5.50744	0.989696
5.51364	0.989521
5.51984	0.989344
5.52604	0.989166
5.53224	0.988986
5.53845	0.988805
5.54465	0.988622
5.55085	0.988439
5.55705	0.988253
5.56325	0.988067
5.56946	0.987879
5.57566	0.98769
5.58186	0.987499
5.58806	0.987308
5.59426	0.987114
5.60047	0.98692
5.60667	0.986724
5.61287	0.986527
5.61907	0.986328
5.62528	0.986128
5.63148	0.985927
5.63768	0.985725
5.64388	0.985521
5.65008	0.985316
5.65629	0.985109
5.66249	0.984901
5.66869	0.984692
5.67489	0.984482
5.68109	0.98427
5.6873	0.984057
5.6935	0.983843
5.6997	0.983627
5.7059	0.98341
5.7121	0.983192
5.71831	0.982973
5.72451	0.982752
5.73071	0.98253
5.73691	0.982307
5.74311	0.982082
5.74932	0.981856
5.75552	0.981629
5.76172	0.981401
5.76792	0.981171
5.77412	0.98094
5.78033	0.980708
5.78653	0.980474
5.79273	0.98024
5.79893	0.980004
5.80514	0.979767
5.81134	0.979528
5.81754	0.979288
5.82374	0.979047
5.82994	0.978805
5.83615	0.978562
5.84235	0.978317
5.84855	0.978071
5.85475	0.977824
5.86095	0.977575
5.86716	0.977326
5.87336	0.977075
5.87956	0.976823
5.88576	0.97657
5.89196	0.976315
5.89817	0.976059
5.90437	0.975802
5.91057	0.975544
5.91677	0.975285
5.92297	0.975024
5.92918	0.974763
5.93538	0.9745
5.94158	0.974235
5.94778	0.97397
5.95398	0.973703
5.96019	0.973436
5.96639	0.973167
5.97259	0.972897
5.97879	0.972625
5.98499	0.972353
5.9912	0.972079
5.9974	0.971804
6.0036	0.971528
6.0098	0.971251
6.01601	0.970973
6.02221	0.970693
6.02841	0.970412
6.03461	0.97013
6.04081	0.969847
6.04702	0.969563
6.05322	0.969278
6.05942	0.968991
6.06562	0.968704
6.07182	0.968415
6.07803	0.968125
6.08423	0.967834
6.09043	0.967541
6.09663	0.967248
6.10283	0.966953
6.10904	0.966658
6.11524	0.966361
6.12144	0.966063
6.12764	0.965764
6.13384	0.965464
6.14005	0.965162
6.14625	0.96486
6.15245	0.964556
6.15865	0.964252
6.16485	0.963946
6.17106	0.963639
6.17726	0.963331
6.18346	0.963022
6.18966	0.962712
6.19587	0.9624
6.20207	0.962088
6.20827	0.961774
6.21447	0.96146
6.22067	0.961144
6.22688	0.960827
6.23308	0.960509
6.23928	0.96019
6.24548	0.95987
6.25168	0.959549
6.25789	0.959227
6.26409	0.958903
6.27029	0.958579
6.27649	0.958253
6.28269	0.957927
6.2889	0.957599
6.2951	0.95727
6.3013	0.956941
6.3075	0.95661
6.3137	0.956278
6.31991	0.955945
6.32611	0.955611
6.33231	0.955276
6.33851	0.95494
6.34471	0.954602
6.35092	0.954264
6.35712	0.953925
6.36332	0.953585
6.36952	0.953243
6.37573	0.952901
6.38193	0.952557
6.38813	0.952213
6.39433	0.951867
6.40053	0.951521
6.40674	0.951173
6.41294	0.950825
6.41914	0.950475
6.42534	0.950124
6.43154	0.949773
6.43775	0.94942
6.44395	0.949066
6.45015	0.948711
6.45635	0.948356
6.46255	0.947999
6.46876	0.947641
6.47496	0.947282
6.48116	0.946923
6.48736	0.946562
6.49356	0.9462
6.49977	0.945837
6.50597	0.945473
6.51217	0.945109
6.51837	0.944743
6.52457	0.944376
6.53078	0.944008
6.53698	0.94364
6.54318	0.94327
6.54938	0.942899
6.55559	0.942527
6.56179	0.942155
6.56799	0.941781
6.57419	0.941406
6.58039	0.941031
6.5866	0.940654
6.5928	0.940277
6.599	0.939898
6.6052	0.939519
6.6114	0.939138
6.61761	0.938757
6.62381	0.938375
6.63001	0.937991
6.63621	0.937607
6.64241	0.937222
6.64862	0.936836
6.65482	0.936449
6.66102	0.936061
6.66722	0.935672
6.67342	0.935282
6.67963	0.934891
6.68583	0.934499
6.69203	0.934106
6.69823	0.933713
6.70443	0.933318
6.71064	0.932923
6.71684	0.932526
6.72304	0.932129
6.72924	0.93173
6.73545	0.931331
6.74165	0.930931
6.74785	0.93053
6.75405	0.930128
6.76025	0.929725
6.76646	0.929321
6.77266	0.928916
6.77886	0.928511
6.78506	0.928104
6.79126	0.927697
6.79747	0.927288
6.80367	0.926879
6.80987	0.926469
6.81607	0.926058
6.82227	0.925646
6.82848	0.925233
6.83468	0.92482
6.84088	0.924405
6.84708	0.923989
6.85328	0.923573
6.85949	0.923156
6.86569	0.922738
6.87189	0.922319
6.87809	0.921899
6.88429	0.921478
6.8905	0.921056
6.8967	0.920634
6.9029	0.92021
6.9091	0.919786
6.91531	0.919361
6.92151	0.918935
6.92771	0.918508
6.93391	0.91808
6.94011	0.917652
6.94632	0.917222
6.95252	0.916792
6.95872	0.916361
6.96492	0.915929
6.97112	0.915496
6.97733	0.915063
6.98353	0.914628
6.98973	0.914193
6.99593	0.913756
7.00213	0.913319
7.00834	0.912881
7.01454	0.912443
7.02074	0.912003
7.02694	0.911563
7.03314	0.911122
7.03935	0.91068
7.04555	0.910237
7.05175	0.909793
7.05795	0.909348
7.06415	0.908903
7.07036	0.908457
7.07656	0.90801
7.08276	0.907562
7.08896	0.907114
7.09517	0.906664
7.10137	0.906214
7.10757	0.905763
7.11377	0.905311
7.11997	0.904858
7.12618	0.904405
7.13238	0.903951
7.13858	0.903496
7.14478	0.90304
7.15098	0.902583
7.15719	0.902126
7.16339	0.901667
7.16959	0.901208
7.17579	0.900749
7.18199	0.900288
7.1882	0.899827
7.1944	0.899364
7.2006	0.898901
7.2068	0.898438
7.213	0.897973
7.21921	0.897508
7.22541	0.897042
7.23161	0.896575
7.23781	0.896107
7.24401	0.895639
7.25022	0.89517
7.25642	0.8947
7.26262	0.894229
7.26882	0.893758
7.27503	0.893286
7.28123	0.892813
7.28743	0.892339
7.29363	0.891865
7.29983	0.891389
7.30604	0.890914
7.31224	0.890437
7.31844	0.889959
7.32464	0.889481
7.33084	0.889002
7.33705	0.888523
7.34325	0.888042
7.34945	0.887561
7.35565	0.887079
7.36185	0.886596
7.36806	0.886113
7.37426	0.885629
7.38046	0.885144
7.38666	0.884658
7.39286	0.884172
7.39907	0.883685
7.40527	0.883197
7.41147	0.882709
7.41767	0.88222
7.42387	0.88173
7.43008	0.881239
7.43628	0.880748
7.44248	0.880256
7.44868	0.879763
7.45488	0.87927
7.46109	0.878775
7.46729	0.878281
7.47349	0.877785
7.47969	0.877289
7.4859	0.876792
7.4921	0.876294
7.4983	0.875796
7.5045	0.875296
7.5107	0.874797
7.51691	0.874296
7.52311	0.873795
7.52931	0.873293
7.53551	0.872791
7.54171	0.872287
7.54792	0.871784
7.55412	0.871279
7.56032	0.870774
7.56652	0.870268
7.57272	0.869761
7.57893	0.869254
7.58513	0.868746
7.59133	0.868237
7.59753	0.867728
7.60373	0.867218
7.60994	0.866707
7.61614	0.866196
7.62234	0.865684
7.62854	0.865171
7.63474	0.864658
7.64095	0.864144
7.64715	0.863629
7.65335	0.863114
7.65955	0.862598
7.66576	0.862081
7.67196	0.861564
7.67816	0.861046
7.68436	0.860527
7.69056	0.860008
7.69677	0.859488
7.70297	0.858968
7.70917	0.858447
7.71537	0.857925
7.72157	0.857403
7.72778	0.856879
7.73398	0.856356
7.74018	0.855831
7.74638	0.855307
7.75258	0.854781
7.75879	0.854255
7.76499	0.853728
7.77119	0.8532
7.77739	0.852672
7.78359	0.852144
7.7898	0.851614
7.796	0.851084
7.8022	0.850554
7.8084	0.850023
7.8146	0.849491
7.82081	0.848958
7.82701	0.848425
7.83321	0.847892
7.83941	0.847357
7.84562	0.846822
7.85182	0.846287
7.85802	0.845751
7.86422	0.845214
7.87042	0.844677
7.87663	0.844139
7.88283	0.843601
7.88903	0.843062
7.89523	0.842522
7.90143	0.841982
7.90764	0.841441
7.91384	0.840899
7.92004	0.840357
7.92624	0.839815
7.93244	0.839272
7.93865	0.838728
7.94485	0.838184
7.95105	0.837639
7.95725	0.837093
7.96345	0.836547
7.96966	0.836
7.97586	0.835453
7.98206	0.834905
7.98826	0.834357
7.99446	0.833808
8.00067	0.833258
8.00687	0.832708
8.01307	0.832158
8.01927	0.831606
8.02548	0.831055
8.03168	0.830502
8.03788	0.829949
8.04408	0.829396
8.05028	0.828842
8.05649	0.828287
8.06269	0.827732
8.06889	0.827177
8.07509	0.82662
8.08129	0.826064
8.0875	0.825506
8.0937	0.824949
8.0999	0.82439
8.1061	0.823831
8.1123	0.823272
8.11851	0.822712
8.12471	0.822151
8.13091	0.82159
8.13711	0.821028
8.14331	0.820466
8.14952	0.819904
8.15572	0.81934
8.16192	0.818777
8.16812	0.818212
8.17432	0.817647
8.18053	0.817082
8.18673	0.816516
8.19293	0.81595
8.19913	0.815383
8.20534	0.814816
8.21154	0.814248
8.21774	0.813679
8.22394	0.81311
8.23014	0.812541
8.23635	0.811971
8.24255	0.8114
8.24875	0.810829
8.25495	0.810258
8.26115	0.809686
8.26736	0.809113
8.27356	0.80854
8.27976	0.807967
8.28596	0.807393
8.29216	0.806818
8.29837	0.806243
8.30457	0.805668
8.31077	0.805092
8.31697	0.804515
8.32317	0.803938
8.32938	0.803361
8.33558	0.802783
8.34178	0.802205
8.34798	0.801626
8.35418	0.801046
8.36039	0.800466
8.36659	0.799886
8.37279	0.799305
8.37899	0.798724
8.3852	0.798142
8.3914	0.79756
8.3976	0.796977
8.4038	0.796394
8.41	0.79581
8.41621	0.795226
8.42241	0.794641
8.42861	0.794056
8.43481	0.793471
8.44101	0.792885
8.44722	0.792298
8.45342	0.791711
8.45962	0.791124
8.46582	0.790536
8.47202	0.789948
8.47823	0.789359
8.48443	0.78877
8.49063	0.78818
8.49683	0.78759
8.50303	0.786999
8.50924	0.786408
8.51544	0.785817
8.52164	0.785225
8.52784	0.784633
8.53404	0.78404
8.54025	0.783447
8.54645	0.782853
8.55265	0.782259
8.55885	0.781664
8.56506	0.781069
8.57126	0.780474
8.57746	0.779878
8.58366	0.779282
8.58986	0.778685
8.59607	0.778088
8.60227	0.777491
8.60847	0.776893
8.61467	0.776294
8.62087	0.775695
8.62708	0.775096
8.63328	0.774496
8.63948	0.773896
8.64568	0.773296
8.65188	0.772695
8.65809	0.772094
8.66429	0.771492
8.67049	0.77089
8.67669	0.770287
8.68289	0.769684
8.6891	0.769081
8.6953	0.768477
8.7015	0.767873
8.7077	0.767268
8.7139	0.766663
8.72011	0.766058
8.72631	0.765452
8.73251	0.764846
8.73871	0.764239
8.74491	0.763632
8.75112	0.763025
8.75732	0.762417
8.76352	0.761809
8.76972	0.761201
8.77593	0.760592
8.78213	0.759982
8.78833	0.759373
8.79453	0.758763
8.80073	0.758152
8.80694	0.757541
8.81314	0.75693
8.81934	0.756319
8.82554	0.755707
8.83174	0.755094
8.83795	0.754481
8.84415	0.753868
8.85035	0.753255
8.85655	0.752641
8.86275	0.752027
8.86896	0.751412
8.87516	0.750797
8.88136	0.750182
8.88756	0.749566
8.89376	0.74895
8.89997	0.748334
8.90617	0.747717
8.91237	0.7471
8.91857	0.746483
8.92477	0.745865
8.93098	0.745247
8.93718	0.744628
8.94338	0.744009
8.94958	0.74339
8.95579	0.74277
8.96199	0.74215
8.96819	0.74153
8.97439	0.740909
8.98059	0.740289
8.9868	0.739667
8.993	0.739046
8.9992	0.738424
9.0054	0.737801
9.0116	0.737179
9.01781	0.736556
9.02401	0.735932
9.03021	0.735309
9.03641	0.734685
9.04261	0.73406
9.04882	0.733436
9.05502	0.732811
9.06122	0.732185
9.06742	0.73156
9.07362	0.730934
9.07983	0.730307
9.08603	0.729681
9.09223	0.729054
9.09843	0.728427
9.10463	0.727799
9.11084	0.727171
9.11704	0.726543
9.12324	0.725914
9.12944	0.725286
9.13565	0.724656
9.14185	0.724027
9.14805	0.723397
9.15425	0.722767
9.16045	0.722137
9.16666	0.721506
9.17286	0.720875
9.17906	0.720244
9.18526	0.719612
9.19146	0.71898
9.19767	0.718348
9.20387	0.717716
9.21007	0.717083
9.21627	0.71645
9.22247	0.715817
9.22868	0.715183
9.23488	0.714549
9.24108	0.713915
9.24728	0.71328
9.25348	0.712645
9.25969	0.71201
9.26589	0.711375
9.27209	0.710739
9.27829	0.710103
9.28449	0.709467
9.2907	0.708831
9.2969	0.708194
9.3031	0.707557
9.3093	0.706919
9.31551	0.706282
9.32171	0.705644
9.32791	0.705006
9.33411	0.704367
9.34031	0.703729
9.34652	0.70309
9.35272	0.70245
9.35892	0.701811
9.36512	0.701171
9.37132	0.700531
9.37753	0.699891
9.38373	0.69925
9.38993	0.69861
9.39613	0.697968
9.40233	0.697327
9.40854	0.696686
9.41474	0.696044
9.42094	0.695402
9.42714	0.694759
9.43334	0.694117
9.43955	0.693474
9.44575	0.692831
9.45195	0.692188
9.45815	0.691544
9.46435	0.6909
9.47056	0.690256
9.47676	0.689612
9.48296	0.688967
9.48916	0.688322
9.49537	0.687677
9.50157	0.687032
9.50777	0.686387
9.51397	0.685741
9.52017	0.685095
9.52638	0.684449
9.53258	0.683802
9.53878	0.683156
9.54498	0.682509
9.55118	0.681862
9.55739	0.681214
9.56359	0.680567
9.56979	0.679919
9.57599	0.679271
9.58219	0.678623
9.5884	0.677974
9.5946	0.677325
9.6008	0.676677
9.607	0.676027
9.6132	0.675378
9.61941	0.674729
9.62561	0.674079
9.63181	0.673429
9.63801	0.672779
9.64421	0.672128
9.65042	0.671478
9.65662	0.670827
9.66282	0.670176
9.66902	0.669525
9.67523	0.668873
9.68143	0.668222
9.68763	0.66757
9.69383	0.666918
9.70003	0.666266
9.70624	0.665613
9.71244	0.66496
9.71864	0.664308
9.72484	0.663655
9.73104	0.663001
9.73725	0.662348
9.74345	0.661695
9.74965	0.661041
9.75585	0.660387
9.76205	0.659733
9.76826	0.659078
9.77446	0.658424
9.78066	0.657769
9.78686	0.657114
9.79306	0.656459
9.79927	0.655804
9.80547	0.655148
9.81167	0.654493
9.81787	0.653837
9.82407	0.653181
9.83028	0.652525
9.83648	0.651869
9.84268	0.651212
9.84888	0.650556
9.85509	0.649899
9.86129	0.649242
9.86749	0.648585
9.87369	0.647927
9.87989	0.64727
9.8861	0.646612
9.8923	0.645955
9.8985	0.645297
9.9047	0.644638
9.9109	0.64398
9.91711	0.643322
9.92331	0.642663
9.92951	0.642004
9.93571	0.641345
9.94191	0.640686
9.94812	0.640027
9.95432	0.639368
9.96052	0.638708
9.96672	0.638049
9.97292	0.637389
9.97913	0.636729
9.98533	0.636069
9.99153	0.635409
9.99773	0.634748
10.0039	0.634088
10.0101	0.633427
10.0163	0.632766
10.0225	0.632105
10.0287	0.631444
10.0349	0.630783
10.0411	0.630122
10.0473	0.62946
10.0536	0.628799
10.0598	0.628137
10.066	0.627475
10.0722	0.626813
10.0784	0.626151
10.0846	0.625489
10.0908	0.624826
10.097	0.624164
10.1032	0.623501
10.1094	0.622838
10.1156	0.622175
10.1218	0.621512
10.128	0.620849
10.1342	0.620186
10.1404	0.619523
10.1466	0.618859
10.1528	0.618196
10.159	0.617532
10.1652	0.616868
10.1714	0.616204
10.1776	0.61554
10.1838	0.614876
10.19	0.614212
10.1962	0.613548
10.2024	0.612883
10.2086	0.612219
10.2148	0.611554
10.221	0.610889
10.2272	0.610224
10.2334	0.609559
10.2396	0.608894
10.2458	0.608229
10.252	0.607564
10.2582	0.606899
10.2644	0.606233
10.2706	0.605568
10.2768	0.604902
10.283	0.604236
10.2892	0.60357
10.2954	0.602904
10.3016	0.602238
10.3078	0.601572
10.314	0.600906
10.3202	0.60024
10.3264	0.599574
10.3326	0.598907
10.3388	0.598241
10.345	0.597574
10.3513	0.596908
10.3575	0.596241
10.3637	0.595574
10.3699	0.594907
10.3761	0.59424
10.3823	0.593573
10.3885	0.592906
10.3947	0.592239
10.4009	0.591572
10.4071	0.590904
10.4133	0.590237
10.4195	0.58957
10.4257	0.588902
10.4319	0.588235
10.4381	0.587567
10.4443	0.586899
10.4505	0.586231
10.4567	0.585564
10.4629	0.584896
10.4691	0.584228
10.4753	0.58356
10.4815	0.582892
10.4877	0.582224
10.4939	0.581556
10.5001	0.580887
10.5063	0.580219
10.5125	0.579551
10.5187	0.578882
10.5249	0.578214
10.5311	0.577546
10.5373	0.576877
10.5435	0.576208
10.5497	0.57554
10.5559	0.574871
10.5621	0.574203
10.5683	0.573534
10.5745	0.572865
10.5807	0.572196
10.5869	0.571528
10.5931	0.570859
10.5993	0.57019
10.6055	0.569521
10.6117	0.568852
10.6179	0.568183
10.6241	0.567514
10.6303	0.566845
10.6365	0.566176
10.6427	0.565507
10.6489	0.564837
10.6552	0.564168
10.6614	0.563499
10.6676	0.56283
10.6738	0.562161
10.68	0.561491
10.6862	0.560822
10.6924	0.560153
10.6986	0.559483
10.7048	0.558814
10.711	0.558145
10.7172	0.557475
10.7234	0.556806
10.7296	0.556137
10.7358	0.555467
10.742	0.554798
10.7482	0.554128
10.7544	0.553459
10.7606	0.552789
10.7668	0.55212
10.773	0.55145
10.7792	0.550781
10.7854	0.550112
10.7916	0.549442
10.7978	0.548773
10.804	0.548103
10.8102	0.547434
10.8164	0.546764
10.8226	0.546095
10.8288	0.545425
10.835	0.544756
10.8412	0.544086
10.8474	0.543417
10.8536	0.542747
10.8598	0.542078
10.866	0.541409
10.8722	0.540739
10.8784	0.54007
10.8846	0.5394
10.8908	0.538731
10.897	0.538062
10.9032	0.537392
10.9094	0.536723
10.9156	0.536054
10.9218	0.535384
10.928	0.534715
10.9342	0.534046
10.9404	0.533377
10.9466	0.532707
10.9529	0.532038
10.9591	0.531369
10.9653	0.5307
10.9715	0.530031
10.9777	0.529362
10.9839	0.528693
10.9901	0.528024
10.9963	0.527355
11.0025	0.526686
11.0087	0.526017
11.0149	0.525348
11.0211	0.524679
11.0273	0.52401
11.0335	0.523342
11.0397	0.522673
11.0459	0.522004
11.0521	0.521336
11.0583	0.520667
11.0645	0.519998
11.0707	0.51933
11.0769	0.518661
11.0831	0.517993
11.0893	0.517325
11.0955	0.516656
11.1017	0.515988
11.1079	0.51532
11.1141	0.514652
11.1203	0.513983
11.1265	0.513315
11.1327	0.512647
11.1389	0.511979
11.1451	0.511311
11.1513	0.510644
11.1575	0.509976
11.1637	0.509308
11.1699	0.50864
11.1761	0.507973
11.1823	0.507305
11.1885	0.506638
11.1947	0.50597
11.2009	0.505303
11.2071	0.504636
11.2133	0.503968
11.2195	0.503301
11.2257	0.502634
11.2319	0.501967
11.2381	0.5013
11.2443	0.500633
11.2506	0.499966
11.2568	0.4993
11.263	0.498633
11.2692	0.497966
11.2754	0.4973
11.2816	0.496634
11.2878	0.495967
11.294	0.495301
11.3002	0.494635
11.3064	0.493969
11.3126	0.493303
11.3188	0.492637
11.325	0.491971
11.3312	0.491305
11.3374	0.490639
11.3436	0.489974
11.3498	0.489308
11.356	0.488643
11.3622	0.487977
11.3684	0.487312
11.3746	0.486647
11.3808	0.485982
11.387	0.485317
11.3932	0.484652
11.3994	0.483987
11.4056	0.483323
11.4118	0.482658
11.418	0.481994
11.4242	0.481329
11.4304	0.480665
11.4366	0.480001
11.4428	0.479337
11.449	0.478673
11.4552	0.478009
11.4614	0.477345
11.4676	0.476682
11.4738	0.476018
11.48	0.475355
11.4862	0.474692
11.4924	0.474028
11.4986	0.473365
11.5048	0.472702
11.511	0.472039
11.5172	0.471377
11.5234	0.470714
11.5296	0.470052
11.5358	0.469389
11.542	0.468727
11.5482	0.468065
11.5545	0.467403
11.5607	0.466741
11.5669	0.466079
11.5731	0.465417
11.5793	0.464756
11.5855	0.464094
11.5917	0.463433
11.5979	0.462772
11.6041	0.462111
11.6103	0.46145
11.6165	0.460789
11.6227	0.460129
11.6289	0.459468
11.6351	0.458808
11.6413	0.458148
11.6475	0.457487
11.6537	0.456828
11.6599	0.456168
11.6661	0.455508
11.6723	0.454848
11.6785	0.454189
11.6847	0.45353
11.6909	0.452871
11.6971	0.452212
11.7033	0.451553
11.7095	0.450894
11.7157	0.450236
11.7219	0.449577
11.7281	0.448919
11.7343	0.448261
11.7405	0.447603
11.7467	0.446945
11.7529	0.446287
11.7591	0.44563
11.7653	0.444973
11.7715	0.444315
11.7777	0.443658
11.7839	0.443002
11.7901	0.442345
11.7963	0.441688
11.8025	0.441032
11.8087	0.440376
11.8149	0.43972
11.8211	0.439064
11.8273	0.438408
11.8335	0.437752
11.8397	0.437097
11.8459	0.436442
11.8522	0.435787
11.8584	0.435132
11.8646	0.434477
11.8708	0.433822
11.877	0.433168
11.8832	0.432514
11.8894	0.43186
11.8956	0.431206
11.9018	0.430552
11.908	0.429898
11.9142	0.429245
11.9204	0.428592
11.9266	0.427939
11.9328	0.427286
11.939	0.426633
11.9452	0.425981
11.9514	0.425329
11.9576	0.424676
11.9638	0.424024
11.97	0.423373
11.9762	0.422721
11.9824	0.42207
11.9886	0.421419
11.9948	0.420768
12.001	0.420117
12.0072	0.419466
12.0134	0.418816
12.0196	0.418166
12.0258	0.417516
12.032	0.416866
12.0382	0.416216
12.0444	0.415567
12.0506	0.414917
12.0568	0.414268
12.063	0.413619
12.0692	0.412971
12.0754	0.412322
12.0816	0.411674
12.0878	0.411026
12.094	0.410378
12.1002	0.40973
12.1064	0.409083
12.1126	0.408436
12.1188	0.407789
12.125	0.407142
12.1312	0.406495
12.1374	0.405849
12.1436	0.405203
12.1498	0.404557
12.1561	0.403911
12.1623	0.403265
12.1685	0.40262
12.1747	0.401975
12.1809	0.40133
12.1871	0.400685
12.1933	0.400041
12.1995	0.399396
12.2057	0.398752
12.2119	0.398109
12.2181	0.397465
12.2243	0.396822
12.2305	0.396178
12.2367	0.395535
12.2429	0.394893
12.2491	0.39425
12.2553	0.393608
12.2615	0.392966
12.2677	0.392324
12.2739	0.391683
12.2801	0.391041
12.2863	0.3904
12.2925	0.389759
12.2987	0.389119
12.3049	0.388478
12.3111	0.387838
12.3173	0.387198
12.3235	0.386558
12.3297	0.385919
12.3359	0.38528
12.3421	0.384641
12.3483	0.384002
12.3545	0.383364
12.3607	0.382725
12.3669	0.382087
12.3731	0.381449
12.3793	0.380812
12.3855	0.380175
12.3917	0.379538
12.3979	0.378901
12.4041	0.378264
12.4103	0.377628
12.4165	0.376992
12.4227	0.376356
12.4289	0.375721
12.4351	0.375085
12.4413	0.37445
12.4475	0.373816
12.4538	0.373181
12.46	0.372547
12.4662	0.371913
12.4724	0.371279
12.4786	0.370645
12.4848	0.370012
12.491	0.369379
12.4972	0.368747
12.5034	0.368114
12.5096	0.367482
12.5158	0.36685
12.522	0.366218
12.5282	0.365587
12.5344	0.364956
12.5406	0.364325
12.5468	0.363694
12.553	0.363064
12.5592	0.362434
12.5654	0.361804
12.5716	0.361175
12.5778	0.360546
12.584	0.359917
12.5902	0.359288
12.5964	0.35866
12.6026	0.358031
12.6088	0.357404
12.615	0.356776
12.6212	0.356149
12.6274	0.355522
12.6336	0.354895
12.6398	0.354269
12.646	0.353642
12.6522	0.353017
12.6584	0.352391
12.6646	0.351766
12.6708	0.351141
12.677	0.350516
12.6832	0.349891
12.6894	0.349267
12.6956	0.348643
12.7018	0.34802
12.708	0.347397
12.7142	0.346774
12.7204	0.346151
12.7266	0.345529
12.7328	0.344906
12.739	0.344285
12.7452	0.343663
12.7515	0.343042
12.7577	0.342421
12.7639	0.3418
12.7701	0.34118
12.7763	0.34056
12.7825	0.33994
12.7887	0.339321
12.7949	0.338702
12.8011	0.338083
12.8073	0.337464
12.8135	0.336846
12.8197	0.336228
12.8259	0.335611
12.8321	0.334994
12.8383	0.334377
12.8445	0.33376
12.8507	0.333144
12.8569	0.332528
12.8631	0.331912
12.8693	0.331297
12.8755	0.330681
12.8817	0.330067
12.8879	0.329452
12.8941	0.328838
12.9003	0.328224
12.9065	0.327611
12.9127	0.326998
12.9189	0.326385
12.9251	0.325772
12.9313	0.32516
12.9375	0.324548
12.9437	0.323937
12.9499	0.323325
12.9561	0.322715
12.9623	0.322104
12.9685	0.321494
12.9747	0.320884
12.9809	0.320274
12.9871	0.319665
12.9933	0.319056
12.9995	0.318447
13.0057	0.317839
13.0119	0.317231
13.0181	0.316624
13.0243	0.316016
13.0305	0.315409
13.0367	0.314803
13.0429	0.314197
13.0491	0.313591
13.0554	0.312985
13.0616	0.31238
13.0678	0.311775
13.074	0.311171
13.0802	0.310566
13.0864	0.309963
13.0926	0.309359
13.0988	0.308756
13.105	0.308153
13.1112	0.307551
13.1174	0.306948
13.1236	0.306347
13.1298	0.305745
13.136	0.305144
13.1422	0.304543
13.1484	0.303943
13.1546	0.303343
13.1608	0.302743
13.167	0.302144
13.1732	0.301545
13.1794	0.300947
13.1856	0.300348
13.1918	0.29975
13.198	0.299153
13.2042	0.298556
13.2104	0.297959
13.2166	0.297363
13.2228	0.296767
13.229	0.296171
13.2352	0.295575
13.2414	0.294981
13.2476	0.294386
13.2538	0.293792
13.26	0.293198
13.2662	0.292604
13.2724	0.292011
13.2786	0.291418
13.2848	0.290826
13.291	0.290234
13.2972	0.289642
13.3034	0.289051
13.3096	0.28846
13.3158	0.28787
13.322	0.287279
13.3282	0.28669
13.3344	0.2861
13.3406	0.285511
13.3468	0.284923
13.3531	0.284334
13.3593	0.283747
13.3655	0.283159
13.3717	0.282572
13.3779	0.281985
13.3841	0.281399
13.3903	0.280813
13.3965	0.280227
13.4027	0.279642
13.4089	0.279057
13.4151	0.278473
13.4213	0.277889
13.4275	0.277305
13.4337	0.276722
13.4399	0.276139
13.4461	0.275557
13.4523	0.274975
13.4585	0.274393
13.4647	0.273812
13.4709	0.273231
13.4771	0.27265
13.4833	0.27207
13.4895	0.271491
13.4957	0.270911
13.5019	0.270332
13.5081	0.269754
13.5143	0.269176
13.5205	0.268598
13.5267	0.268021
13.5329	0.267444
13.5391	0.266868
13.5453	0.266291
13.5515	0.265716
13.5577	0.265141
13.5639	0.264566
13.5701	0.263991
13.5763	0.263417
13.5825	0.262844
13.5887	0.26227
13.5949	0.261698
13.6011	0.261125
13.6073	0.260553
13.6135	0.259982
13.6197	0.259411
13.6259	0.25884
13.6321	0.25827
13.6383	0.2577
13.6445	0.25713
13.6508	0.256561
13.657	0.255993
13.6632	0.255424
13.6694	0.254857
13.6756	0.254289
13.6818	0.253722
13.688	0.253156
13.6942	0.25259
13.7004	0.252024
13.7066	0.251459
13.7128	0.250894
13.719	0.25033
13.7252	0.249766
13.7314	0.249202
13.7376	0.248639
13.7438	0.248077
13.75	0.247514
13.7562	0.246953
13.7624	0.246391
13.7686	0.24583
13.7748	0.24527
13.781	0.24471
13.7872	0.24415
13.7934	0.243591
13.7996	0.243032
13.8058	0.242474
13.812	0.241916
13.8182	0.241359
13.8244	0.240802
13.8306	0.240245
13.8368	0.239689
13.843	0.239133
13.8492	0.238578
13.8554	0.238024
13.8616	0.237469
13.8678	0.236915
13.874	0.236362
13.8802	0.235809
13.8864	0.235257
13.8926	0.234705
13.8988	0.234153
13.905	0.233602
13.9112	0.233051
13.9174	0.232501
13.9236	0.231951
13.9298	0.231402
13.936	0.230853
13.9422	0.230304
13.9484	0.229756
13.9547	0.229209
13.9609	0.228662
13.9671	0.228115
13.9733	0.227569
13.9795	0.227024
13.9857	0.226478
13.9919	0.225934
13.9981	0.225389
14.0043	0.224846
14.0105	0.224302
14.0167	0.223759
14.0229	0.223217
14.0291	0.222675
14.0353	0.222134
14.0415	0.221593
14.0477	0.221052
14.0539	0.220512
14.0601	0.219973
14.0663	0.219433
14.0725	0.218895
14.0787	0.218357
14.0849	0.217819
14.0911	0.217282
14.0973	0.216745
14.1035	0.216209
14.1097	0.215673
14.1159	0.215138
14.1221	0.214603
14.1283	0.214069
14.1345	0.213535
14.1407	0.213001
14.1469	0.212469
14.1531	0.211936
14.1593	0.211404
14.1655	0.210873
14.1717	0.210342
14.1779	0.209811
14.1841	0.209281
14.1903	0.208752
14.1965	0.208223
14.2027	0.207694
14.2089	0.207166
14.2151	0.206639
14.2213	0.206112
14.2275	0.205585
14.2337	0.205059
14.2399	0.204534
14.2461	0.204009
14.2524	0.203484
14.2586	0.20296
14.2648	0.202437
14.271	0.201914
14.2772	0.201391
14.2834	0.200869
14.2896	0.200347
14.2958	0.199826
14.302	0.199306
14.3082	0.198786
14.3144	0.198266
14.3206	0.197747
14.3268	0.197229
14.333	0.196711
14.3392	0.196193
14.3454	0.195676
14.3516	0.19516
14.3578	0.194644
14.364	0.194128
14.3702	0.193613
14.3764	0.193099
14.3826	0.192585
14.3888	0.192071
14.395	0.191559
14.4012	0.191046
14.4074	0.190534
14.4136	0.190023
14.4198	0.189512
14.426	0.189002
14.4322	0.188492
14.4384	0.187983
14.4446	0.187474
14.4508	0.186966
14.457	0.186458
14.4632	0.185951
14.4694	0.185444
14.4756	0.184938
14.4818	0.184432
14.488	0.183927
14.4942	0.183423
14.5004	0.182919
14.5066	0.182415
14.5128	0.181912
14.519	0.18141
14.5252	0.180908
14.5314	0.180406
14.5376	0.179905
14.5438	0.179405
14.5501	0.178905
14.5563	0.178406
14.5625	0.177907
14.5687	0.177409
14.5749	0.176911
14.5811	0.176414
14.5873	0.175918
14.5935	0.175422
14.5997	0.174926
14.6059	0.174431
14.6121	0.173937
14.6183	0.173443
14.6245	0.17295
14.6307	0.172457
14.6369	0.171965
14.6431	0.171473
14.6493	0.170982
14.6555	0.170491
14.6617	0.170001
14.6679	0.169512
14.6741	0.169023
14.6803	0.168534
14.6865	0.168046
14.6927	0.167559
14.6989	0.167072
14.7051	0.166586
14.7113	0.1661
14.7175	0.165615
14.7237	0.165131
14.7299	0.164647
14.7361	0.164163
14.7423	0.16368
14.7485	0.163198
14.7547	0.162716
14.7609	0.162235
14.7671	0.161754
14.7733	0.161274
14.7795	0.160795
14.7857	0.160316
14.7919	0.159837
14.7981	0.15936
14.8043	0.158882
14.8105	0.158406
14.8167	0.157929
14.8229	0.157454
14.8291	0.156979
14.8353	0.156504
14.8415	0.156031
14.8477	0.155557
14.854	0.155085
14.8602	0.154612
14.8664	0.154141
14.8726	0.15367
14.8788	0.153199
14.885	0.152729
14.8912	0.15226
14.8974	0.151791
14.9036	0.151323
14.9098	0.150856
14.916	0.150389
14.9222	0.149922
14.9284	0.149457
14.9346	0.148991
14.9408	0.148527
14.947	0.148063
14.9532	0.147599
14.9594	0.147136
14.9656	0.146674
14.9718	0.146212
14.978	0.145751
14.9842	0.14529
14.9904	0.14483
14.9966	0.144371
15.0028	0.143912
15.009	0.143454
15.0152	0.142996
15.0214	0.142539
15.0276	0.142083
15.0338	0.141627
15.04	0.141172
15.0462	0.140717
15.0524	0.140263
15.0586	0.13981
15.0648	0.139357
15.071	0.138904
15.0772	0.138453
15.0834	0.138002
15.0896	0.137551
15.0958	0.137101
15.102	0.136652
15.1082	0.136203
15.1144	0.135755
15.1206	0.135308
15.1268	0.134861
15.133	0.134414
15.1392	0.133969
15.1454	0.133524
15.1517	0.133079
15.1579	0.132635
15.1641	0.132192
15.1703	0.131749
15.1765	0.131307
15.1827	0.130866
15.1889	0.130425
15.1951	0.129985
15.2013	0.129545
15.2075	0.129106
15.2137	0.128668
15.2199	0.12823
15.2261	0.127793
15.2323	0.127357
15.2385	0.126921
15.2447	0.126486
15.2509	0.126051
15.2571	0.125617
15.2633	0.125183
15.2695	0.124751
15.2757	0.124318
15.2819	0.123887
15.2881	0.123456
15.2943	0.123026
15.3005	0.122596
15.3067	0.122167
15.3129	0.121738
15.3191	0.12131
15.3253	0.120883
15.3315	0.120457
15.3377	0.120031
15.3439	0.119605
15.3501	0.119181
15.3563	0.118757
15.3625	0.118333
15.3687	0.117911
15.3749	0.117488
15.3811	0.117067
15.3873	0.116646
15.3935	0.116226
15.3997	0.115806
15.4059	0.115387
15.4121	0.114969
15.4183	0.114551
15.4245	0.114134
15.4307	0.113718
15.4369	0.113302
15.4431	0.112887
15.4493	0.112472
15.4556	0.112058
15.4618	0.111645
15.468	0.111232
15.4742	0.11082
15.4804	0.110409
15.4866	0.109999
15.4928	0.109589
15.499	0.109179
15.5052	0.10877
15.5114	0.108362
15.5176	0.107955
15.5238	0.107548
15.53	0.107142
15.5362	0.106737
15.5424	0.106332
15.5486	0.105928
15.5548	0.105524
15.561	0.105121
15.5672	0.104719
15.5734	0.104318
15.5796	0.103917
15.5858	0.103517
15.592	0.103117
15.5982	0.102718
15.6044	0.10232
15.6106	0.101922
15.6168	0.101525
15.623	0.101129
15.6292	0.100733
15.6354	0.100338
15.6416	0.0999442
15.6478	0.0995506
15.654	0.0991576
15.6602	0.0987653
15.6664	0.0983737
15.6726	0.0979828
15.6788	0.0975925
15.685	0.0972029
15.6912	0.0968139
15.6974	0.0964256
15.7036	0.096038
15.7098	0.0956511
15.716	0.0952648
15.7222	0.0948792
15.7284	0.0944943
15.7346	0.0941101
15.7408	0.0937265
15.747	0.0933436
15.7533	0.0929614
15.7595	0.0925799
15.7657	0.092199
15.7719	0.0918188
15.7781	0.0914393
15.7843	0.0910605
15.7905	0.0906823
15.7967	0.0903049
15.8029	0.0899281
15.8091	0.089552
15.8153	0.0891766
15.8215	0.0888018
15.8277	0.0884278
15.8339	0.0880544
15.8401	0.0876818
15.8463	0.0873098
15.8525	0.0869385
15.8587	0.0865678
15.8649	0.0861979
15.8711	0.0858287
15.8773	0.0854601
15.8835	0.0850923
15.8897	0.0847251
15.8959	0.0843587
15.9021	0.0839929
15.9083	0.0836278
15.9145	0.0832634
15.9207	0.0828997
15.9269	0.0825367
15.9331	0.0821744
15.9393	0.0818128
15.9455	0.0814519
15.9517	0.0810917
15.9579	0.0807322
15.9641	0.0803734
15.9703	0.0800153
15.9765	0.0796579
15.9827	0.0793012
15.9889	0.0789452
15.9951	0.0785899
16.0013	0.0782353
16.0075	0.0778814
16.0137	0.0775282
16.0199	0.0771758
16.0261	0.076824
16.0323	0.0764729
16.0385	0.0761226
16.0447	0.0757729
16.051	0.075424
16.0572	0.0750758
16.0634	0.0747283
16.0696	0.0743815
16.0758	0.0740354
16.082	0.07369
16.0882	0.0733454
16.0944	0.0730014
16.1006	0.0726582
16.1068	0.0723157
16.113	0.0719739
16.1192	0.0716328
16.1254	0.0712925
16.1316	0.0709528
16.1378	0.0706139
16.144	0.0702757
16.1502	0.0699382
16.1564	0.0696015
16.1626	0.0692654
16.1688	0.0689301
16.175	0.0685955
16.1812	0.0682617
16.1874	0.0679285
16.1936	0.0675961
16.1998	0.0672645
16.206	0.0669335
16.2122	0.0666033
16.2184	0.0662738
16.2246	0.065945
16.2308	0.065617
16.237	0.0652897
16.2432	0.0649631
16.2494	0.0646372
16.2556	0.0643121
16.2618	0.0639877
16.268	0.0636641
16.2742	0.0633412
16.2804	0.063019
16.2866	0.0626976
16.2928	0.0623769
16.299	0.0620569
16.3052	0.0617377
16.3114	0.0614192
16.3176	0.0611015
16.3238	0.0607844
16.33	0.0604682
16.3362	0.0601527
16.3424	0.0598379
16.3486	0.0595238
16.3549	0.0592106
16.3611	0.058898
16.3673	0.0585862
16.3735	0.0582751
16.3797	0.0579648
16.3859	0.0576553
16.3921	0.0573465
16.3983	0.0570384
16.4045	0.0567311
16.4107	0.0564245
16.4169	0.0561187
16.4231	0.0558136
16.4293	0.0555093
16.4355	0.0552057
16.4417	0.0549029
16.4479	0.0546009
16.4541	0.0542996
16.4603	0.053999
16.4665	0.0536993
16.4727	0.0534002
16.4789	0.053102
16.4851	0.0528045
16.4913	0.0525077
16.4975	0.0522117
16.5037	0.0519165
16.5099	0.051622
16.5161	0.0513283
16.5223	0.0510353
16.5285	0.0507431
16.5347	0.0504517
16.5409	0.0501611
16.5471	0.0498712
16.5533	0.049582
16.5595	0.0492937
16.5657	0.0490061
16.5719	0.0487193
16.5781	0.0484332
16.5843	0.0481479
16.5905	0.0478634
16.5967	0.0475797
16.6029	0.0472967
16.6091	0.0470145
16.6153	0.046733
16.6215	0.0464524
16.6277	0.0461725
16.6339	0.0458934
16.6401	0.045615
16.6463	0.0453375
16.6526	0.0450607
16.6588	0.0447847
16.665	0.0445095
16.6712	0.044235
16.6774	0.0439614
16.6836	0.0436885
16.6898	0.0434164
16.696	0.043145
16.7022	0.0428745
16.7084	0.0426047
16.7146	0.0423357
16.7208	0.0420675
16.727	0.0418001
16.7332	0.0415335
16.7394	0.0412677
16.7456	0.0410026
16.7518	0.0407383
16.758	0.0404749
16.7642	0.0402122
16.7704	0.0399503
16.7766	0.0396892
16.7828	0.0394288
16.789	0.0391693
16.7952	0.0389106
16.8014	0.0386526
16.8076	0.0383955
16.8138	0.0381391
16.82	0.0378836
16.8262	0.0376288
16.8324	0.0373748
16.8386	0.0371217
16.8448	0.0368693
16.851	0.0366177
16.8572	0.036367
16.8634	0.036117
16.8696	0.0358678
16.8758	0.0356194
16.882	0.0353718
16.8882	0.0351251
16.8944	0.0348791
16.9006	0.0346339
16.9068	0.0343896
16.913	0.034146
16.9192	0.0339033
16.9254	0.0336613
16.9316	0.0334202
16.9378	0.0331798
16.944	0.0329403
16.9503	0.0327016
16.9565	0.0324637
16.9627	0.0322266
16.9689	0.0319903
16.9751	0.0317548
16.9813	0.0315202
16.9875	0.0312863
16.9937	0.0310533
16.9999	0.0308211
17.0061	0.0305897
17.0123	0.0303591
17.0185	0.0301293
17.0247	0.0299004
17.0309	0.0296722
17.0371	0.0294449
17.0433	0.0292184
17.0495	0.0289927
17.0557	0.0287678
17.0619	0.0285438
17.0681	0.0283206
17.0743	0.0280982
17.0805	0.0278766
17.0867	0.0276559
17.0929	0.0274359
17.0991	0.0272168
17.1053	0.0269986
17.1115	0.0267811
17.1177	0.0265645
17.1239	0.0263487
17.1301	0.0261337
17.1363	0.0259196
17.1425	0.0257063
17.1487	0.0254938
17.1549	0.0252821
17.1611	0.0250713
17.1673	0.0248613
17.1735	0.0246522
17.1797	0.0244438
17.1859	0.0242364
17.1921	0.0240297
17.1983	0.0238239
17.2045	0.0236189
17.2107	0.0234148
17.2169	0.0232115
17.2231	0.023009
17.2293	0.0228074
17.2355	0.0226066
17.2417	0.0224066
17.2479	0.0222075
17.2542	0.0220092
17.2604	0.0218118
17.2666	0.0216152
17.2728	0.0214195
17.279	0.0212246
17.2852	0.0210305
17.2914	0.0208373
17.2976	0.020645
17.3038	0.0204534
17.31	0.0202628
17.3162	0.0200729
17.3224	0.019884
17.3286	0.0196958
17.3348	0.0195086
17.341	0.0193222
17.3472	0.0191366
17.3534	0.0189519
17.3596	0.018768
17.3658	0.018585
17.372	0.0184028
17.3782	0.0182215
17.3844	0.0180411
17.3906	0.0178615
17.3968	0.0176827
17.403	0.0175048
17.4092	0.0173278
17.4154	0.0171516
17.4216	0.0169763
17.4278	0.0168019
17.434	0.0166283
17.4402	0.0164556
17.4464	0.0162837
17.4526	0.0161127
17.4588	0.0159426
17.465	0.0157733
17.4712	0.0156049
17.4774	0.0154373
17.4836	0.0152706
17.4898	0.0151048
17.496	0.0149399
17.5022	0.0147758
17.5084	0.0146126
17.5146	0.0144502
17.5208	0.0142888
17.527	0.0141281
17.5332	0.0139684
17.5394	0.0138095
17.5456	0.0136516
17.5519	0.0134944
17.5581	0.0133382
17.5643	0.0131828
17.5705	0.0130283
17.5767	0.0128747
17.5829	0.0127219
17.5891	0.0125701
17.5953	0.0124191
17.6015	0.012269
17.6077	0.0121197
17.6139	0.0119714
17.6201	0.0118239
17.6263	0.0116773
17.6325	0.0115316
17.6387	0.0113867
17.6449	0.0112428
17.6511	0.0110997
17.6573	0.0109575
17.6635	0.0108162
17.6697	0.0106758
17.6759	0.0105363
17.6821	0.0103976
17.6883	0.0102599
17.6945	0.010123
17.7007	0.009987
17.7069	0.0098519
17.7131	0.0097177
17.7193	0.00958438
17.7255	0.00945195
17.7317	0.00932042
17.7379	0.00918978
17.7441	0.00906003
17.7503	0.00893117
17.7565	0.00880321
17.7627	0.00867614
17.7689	0.00854996
17.7751	0.00842469
17.7813	0.00830031
17.7875	0.00817682
17.7937	0.00805423
17.7999	0.00793255
17.8061	0.00781176
17.8123	0.00769187
17.8185	0.00757288
17.8247	0.00745479
17.8309	0.0073376
17.8371	0.00722132
17.8433	0.00710594
17.8495	0.00699146
17.8558	0.00687788
17.862	0.00676522
17.8682	0.00665345
17.8744	0.00654259
17.8806	0.00643264
17.8868	0.0063236
17.893	0.00621546
17.8992	0.00610823
17.9054	0.00600192
17.9116	0.00589651
17.9178	0.00579201
17.924	0.00568842
17.9302	0.00558575
17.9364	0.00548398
17.9426	0.00538313
17.9488	0.0052832
17.955	0.00518418
17.9612	0.00508607
17.9674	0.00498888
17.9736	0.0048926
17.9798	0.00479725
17.986	0.00470281
17.9922	0.00460928
17.9984	0.00451668
18.0046	0.00442499
18.0108	0.00433423
18.017	0.00424439
18.0232	0.00415546
18.0294	0.00406746
18.0356	0.00398039
18.0418	0.00389423
18.048	0.003809
18.0542	0.0037247
18.0604	0.00364131
18.0666	0.00355886
18.0728	0.00347733
18.079	0.00339673
18.0852	0.00331705
18.0914	0.00323831
18.0976	0.00316049
18.1038	0.0030836
18.11	0.00300764
18.1162	0.00293262
18.1224	0.00285852
18.1286	0.00278536
18.1348	0.00271313
18.141	0.00264183
18.1472	0.00257147
18.1535	0.00250204
18.1597	0.00243355
18.1659	0.00236599
18.1721	0.00229937
18.1783	0.00223368
18.1845	0.00216894
18.1907	0.00210513
18.1969	0.00204226
18.2031	0.00198033
18.2093	0.00191934
18.2155	0.0018593
18.2217	0.00180019
18.2279	0.00174202
18.2341	0.0016848
18.2403	0.00162852
18.2465	0.00157319
18.2527	0.0015188
18.2589	0.00146536
18.2651	0.00141286
18.2713	0.00136131
18.2775	0.0013107
18.2837	0.00126105
18.2899	0.00121234
18.2961	0.00116458
18.3023	0.00111777
18.3085	0.00107191
18.3147	0.001027
18.3209	0.000983045
18.3271	0.00094004
18.3333	0.000897989
18.3395	0.00085689
18.3457	0.000816746
18.3519	0.000777557
18.3581	0.000739323
18.3643	0.000702045
18.3705	0.000665723
18.3767	0.000630359
18.3829	0.000595952
18.3891	0.000562504
18.3953	0.000530015
18.4015	0.000498486
18.4077	0.000467917
18.4139	0.000438309
18.4201	0.000409662
18.4263	0.000381978
18.4325	0.000355257
18.4387	0.000329499
18.4449	0.000304705
18.4512	0.000280876
18.4574	0.000258012
18.4636	0.000236114
18.4698	0.000215182
18.476	0.000195218
18.4822	0.000176222
18.4884	0.000158194
18.4946	0.000141135
18.5008	0.000125045
18.507	0.000109927
18.5132	9.57785e-05
18.5194	8.2602e-05
18.5256	7.03976e-05
18.5318	5.91661e-05
18.538	4.89079e-05
18.5442	3.96238e-05
18.5504	3.13143e-05
18.5566	2.39801e-05
18.5628	1.76217e-05
18.569	1.22399e-05
18.5752	7.83518e-06
18.5814	4.40822e-06
18.5876	1.95962e-06
18.5938	4.90009e-07
18.6	0
