0	94.8	1897
0.	4.4799227161127277e-10
0.05	4.970558876808373e-10
0.1	5.636846166819596e-10
0.15000000000000002	6.341134031050738e-10
0.2	7.045421895281885e-10
0.25	7.822898807682334e-10
0.30000000000000004	8.852021141199847e-10
0.35000000000000003	9.902278747899145e-10
0.4	1.0952536354598447e-9
0.45	1.218808998363701e-9
0.5	1.3725071830863365e-9
0.55	1.5266277802887489e-9
0.6000000000000001	1.6810162377100202e-9
0.65	1.8762538327115993e-9
0.7000000000000001	2.1008546849260045e-9
0.75	2.3254555371404097e-9
0.8	2.5547009839383038e-9
0.8500000000000001	2.8548090191394862e-9
0.9	3.178909714071854e-9
0.9500000000000001	3.5030104090042125e-9
1.	3.846395509083904e-9
1.05	4.295086638223902e-9
1.1	4.7597024782290476e-9
1.1500000000000001	5.224318318234195e-9
1.2000000000000002	5.74217443915765e-9
1.25	6.3936322947169425e-9
1.3	7.051508646790585e-9
1.35	7.709384998864226e-9
1.4000000000000001	8.489340803157536e-9
1.4500000000000002	9.411590875543526e-9
1.5	1.0334045933946597e-8
1.55	1.1262271932441366e-8
1.6	1.242354926349345e-8
1.6500000000000001	1.3706230486377036e-8
1.7000000000000002	1.4988911709260624e-8
1.75	1.6309829479269486e-8
1.8	1.798888797687885e-8
1.85	1.975589300950116e-8
1.9000000000000001	2.1522898042123462e-8
1.9500000000000002	2.341177210709099e-8
2.	2.5774217971246143e-8
2.0500000000000003	2.818413211906495e-8
2.1	3.059404626688375e-8
2.15	3.329879742266328e-8
2.2	3.654464013471075e-8
2.25	3.9802148594267386e-8
2.3000000000000003	4.30611794305952e-8
2.35	4.692857785490216e-8
2.4000000000000004	5.1292812611415296e-8
2.45	5.5657047367928406e-8
2.5	6.007372622452937e-8
2.5500000000000003	6.548790149893366e-8
2.6	7.128229210818779e-8
2.6500000000000004	7.707668271744193e-8
2.7	8.30899129667873e-8
2.75	9.047470911114887e-8
2.8000000000000003	9.809813989190438e-8
2.85	1.0572157067265998e-7
2.9000000000000004	1.1392509726824494e-7
2.95	1.2376695517557537e-7
3.	1.3370792567041262e-7
3.0500000000000003	1.4364889616524984e-7
3.1	1.5483588585167549e-7
3.1500000000000004	1.6767573093874618e-7
3.2	1.8052355576272848e-7
3.25	1.934089285608434e-7
3.3000000000000003	2.0854381860376103e-7
3.35	2.2499979773359763e-7
3.4000000000000004	2.414557768634341e-7
3.45	2.582037795771088e-7
3.5	2.781990312544272e-7
3.5500000000000003	2.990964253332814e-7
3.6	3.1999381941213566e-7
3.6500000000000004	3.418038336413831e-7
3.7	3.676338357555867e-7
3.75	3.9393850801339157e-7
3.8000000000000003	4.2024318027119624e-7
3.85	4.486324930907736e-7
3.9000000000000004	4.813308299556185e-7
3.95	5.141605090570361e-7
4.	5.469914116782043e-7
4.05	5.838550733513798e-7
4.1000000000000005	6.244789565596501e-7
4.15	6.651028397679202e-7
4.2	7.059837757321969e-7
4.25	7.531403454758169e-7
4.3	8.02988391837979e-7
4.3500000000000005	8.528364382001423e-7
4.4	9.038008222501284e-7
4.45	9.628509681633799e-7
4.5	1.023509944388603e-6
4.55	1.084168920613826e-6
4.6000000000000005	1.1476691375481042e-6
4.65	1.220209410088298e-6
4.7	1.2934216235771633e-6
4.75	1.3666338370660298e-6
4.800000000000001	1.4455796341548488e-6
4.8500000000000005	1.5331452387581466e-6
4.9	1.6207963486222563e-6
4.95	1.7085461331121016e-6
5.	1.8061247295247015e-6
5.050000000000001	1.910224731911682e-6
5.1000000000000005	2.0143247342986584e-6
5.15	2.119422945157283e-6
5.2	2.2378975148284116e-6
5.25	2.3605659773719263e-6
5.300000000000001	2.483234439915443e-6
5.3500000000000005	2.60900087871748e-6
5.4	2.750295806580472e-6
5.45	2.8937281677970857e-6
5.5	3.037160529013701e-6
5.550000000000001	3.187317579576535e-6
5.6000000000000005	3.353116900908406e-6
5.65	3.519553463830665e-6
5.7	3.6859900267529204e-6
5.75	3.8646263519379e-6
5.800000000000001	4.056310713566424e-6
5.8500000000000005	4.247998729887472e-6
5.9	4.440243433239549e-6
5.95	4.650635582465376e-6
6.	4.8697861151189565e-6
6.050000000000001	5.088936647772542e-6
6.1000000000000005	5.310692981232767e-6
6.15	5.554447147845677e-6
6.2	5.803182398869117e-6
6.25	6.051917649892559e-6
6.300000000000001	6.307080492684147e-6
6.3500000000000005	6.585322119760274e-6
6.4	6.865631696442054e-6
6.45	7.1459412731238275e-6
6.5	7.438492721650932e-6
6.550000000000001	7.751838245155147e-6
6.6000000000000005	8.065527746689111e-6
6.65	8.379315013775055e-6
6.7	8.712993576842275e-6
6.75	9.06162874452808e-6
6.800000000000001	9.41026391221388e-6
6.8500000000000005	9.760455836059765e-6
6.9	0.000010136267881380753
6.95	0.000010521129614444448
7.	0.000010905991347508147
7.050000000000001	0.000011295716135637986
7.1000000000000005	0.000011713314008071299
7.15	0.00001213534643968522
7.2	0.000012557378871299128
7.25	0.000012989463017635116
7.300000000000001	0.00001344785473001592
7.3500000000000005	0.00001390762302703432
7.4	0.000014367391324052735
7.45	0.000014844193963640482
7.5	0.000015341799919226107
7.550000000000001	0.000015839456600879456
7.6000000000000005	0.000016337635215210997
7.65	0.000016859835811359104
7.7	0.000017395094066810848
7.75	0.0000179303523222626
7.800000000000001	0.00001846834173321988
7.8500000000000005	0.000019033485042833886
7.9	0.000019605598604109318
7.95	0.00002017771216538474
8.	0.00002075631294578516
8.05	0.0000213612644440275
8.1	0.00002196901982551418
8.15	0.00002257677520700088
8.200000000000001	0.000023196000315150446
8.25	0.00002383718995643549
8.3	0.000024478919596410697
8.35	0.000025120674819238063
8.4	0.00002577958990194305
8.450000000000001	0.000026453187726890726
8.5	0.000027126785551838385
8.55	0.000027801363966044143
8.6	0.0000284962522384745
8.65	0.000029199214632287403
8.700000000000001	0.0000299021770261003
8.75	0.00003060815289988574
8.8	0.000031333998123822105
8.85	0.00003206347201822186
8.9	0.00003279294591262165
8.950000000000001	0.00003352806932489069
9.	0.000034279838391938605
9.05	0.00003503269386539428
9.1	0.00003578554933884994
9.15	0.00003654677296493417
9.200000000000001	0.00003731960842052919
9.25	0.00003809251886706769
9.3	0.000038865573807159964
9.35	0.000039648838291548025
9.4	0.00004043836337432024
9.450000000000001	0.000041227888457092446
9.5	0.00004201822155682957
9.55	0.00004281813933373651
9.600000000000001	0.00004362083788666189
9.65	0.00004442353643958723
9.700000000000001	0.00004522782458090565
9.75	0.00004603944116182379
9.8	0.00004685197268477321
9.850000000000001	0.00004766450420772263
9.9	0.00004847910946591679
9.950000000000001	0.000049298185770539896
10.	0.00005011741402467778
10.05	0.00005093664233385509
10.100000000000001	0.000051757823654675374
10.15	0.00005258091689919426
10.200000000000001	0.00005340401014371313
10.25	0.000054227139088664585
10.3	0.00005505122922928149
10.350000000000001	0.00005587574930368037
10.4	0.0000567002693780792
10.450000000000001	0.00005752473588862251
10.5	0.000058348793094317695
10.55	0.00005917276497541815
10.600000000000001	0.000059996736856518625
10.65	0.00006082027227722219
10.700000000000001	0.0000616423581813154
10.75	0.00006246432869609351
10.8	0.00006328629921087163
10.850000000000001	0.0000641071475298189
10.9	0.00006492623316766315
10.950000000000001	0.00006574529745621657
11.	0.00006656434632937071
11.05	0.0000673814754449428
11.100000000000001	0.00006819727324830438
11.15	0.00006901307105166589
11.200000000000001	0.00006982871422516665
11.25	0.00007064213319279647
11.3	0.00007145482441295787
11.350000000000001	0.00007226751563311926
11.4	0.00007307985321555383
11.450000000000001	0.00007389033256408095
11.5	0.00007470054234165901
11.55	0.00007551075211923708
11.600000000000001	0.00007632054456862927
11.65	0.00007712932461257675
11.700000000000001	0.00007793805938538364
11.75	0.00007874679415819057
11.8	0.0000795554449256393
11.850000000000001	0.00008036400143394266
11.9	0.00008117255786519293
11.950000000000001	0.00008198113704243484
12.	0.00008279054845555771
12.05	0.00008360037886276362
12.100000000000001	0.00008441020926996956
12.15	0.0000852202696881351
12.200000000000001	0.0000860323857347896
12.25	0.0000868449887266253
12.3	0.000087657591718461
12.350000000000001	0.00008847101199036409
12.4	0.00008928749770131178
12.450000000000001	0.00009010427589644339
12.5	0.00009092105409157506
12.55	0.00009173974698632898
12.600000000000001	0.00009256183493696414
12.65	0.00009338398824455544
12.700000000000001	0.00009420615374530156
12.75	0.00009503181503579083
12.8	0.00009586022732860285
12.850000000000001	0.00009668863962141481
12.9	0.00009751731766913708
12.950000000000001	0.00009835072802481921
13.	0.00009918588203712434
13.05	0.00010002103604942947
13.100000000000001	0.00010085703297876467
13.15	0.0001016981047315017
13.200000000000001	0.00010254002518159309
13.25	0.00010338194563168455
13.3	0.00010422549210976171
13.350000000000001	0.00010507347740521359
13.4	0.00010592171474875654
13.450000000000001	0.0001067699520922994
13.5	0.00010762054942629992
13.55	0.00010847416468005244
13.600000000000001	0.00010932779101469865
13.65	0.00011018146536617972
13.700000000000001	0.00011103768482644787
13.75	0.00011189534815511751
13.8	0.00011275301148378714
13.850000000000001	0.0001136108364597258
13.9	0.00011447037017797606
13.950000000000001	0.00011533036222719866
14.	0.0001161903542764213
14.05	0.00011705040916800856
14.100000000000001	0.0001179107309963451
14.15	0.00011877108293145179
14.200000000000001	0.00011963143486655847
14.25	0.00012049121607125383
14.3	0.00012134985701217075
14.350000000000001	0.00012220846627363492
14.4	0.00012306707405951637
14.450000000000001	0.00012392365331352295
14.5	0.00012477841278824754
14.55	0.0001256331722629722
14.600000000000001	0.00012648775510333516
14.65	0.00012733833784095357
14.700000000000001	0.00012818726208993603
14.75	0.0001290361863389185
14.8	0.00012988429466269478
14.850000000000001	0.00013072673800632365
14.9	0.00013156809617271553
14.950000000000001	0.00013240945433910738
15.	0.00013324872975683516
15.05	0.0001340816021912184
15.100000000000001	0.0001349140250413805
15.15	0.00013574644789154255
15.200000000000001	0.0001365748675045987
15.25	0.00013739747897980188
15.3	0.00013822004227423
15.350000000000001	0.00013904253214860253
15.4	0.00013985879894271307
15.450000000000001	0.00014067107992074543
15.5	0.00014148336089877777
15.55	0.00014229506044648714
15.600000000000001	0.00014309938764448408
15.65	0.0001439014817726289
15.700000000000001	0.0001447035759007736
15.75	0.0001455041867003967
15.8	0.00014629763627470918
15.850000000000001	0.00014709014168080874
15.9	0.00014788264708690834
15.950000000000001	0.00014867258929015227
16.	0.00014945676763480065
16.05	0.00015024072892066422
16.1	0.00015102469020652776
16.150000000000002	0.00015180513450962504
16.2	0.00015258196183702338
16.25	0.00015335878898736647
16.3	0.00015413549402395641
16.35	0.00015490855296031164
16.400000000000002	0.0001556799109267024
16.45	0.00015645126889309315
16.5	0.00015722228701412356
16.55	0.0001579905622486469
16.6	0.00015875823876102853
16.650000000000002	0.00015952591527341014
16.7	0.0001602931924472917
16.75	0.00016105908496091625
16.8	0.00016182485968428985
16.85	0.00016259063440766345
16.900000000000002	0.00016335631130647753
16.95	0.00016412182771986632
17.	0.00016488734180745854
17.05	0.0001656528599408995
17.1	0.00016641902845905158
17.150000000000002	0.00016718566859003125
17.2	0.00016795230872101072
17.25	0.0001687190474379029
17.3	0.00016948731230212514
17.35	0.00017025609817856904
17.400000000000002	0.00017102488405501288
17.45	0.00017179404375194216
17.5	0.00017256526400528135
17.55	0.00017333679898402636
17.6	0.0001741083339627713
17.650000000000002	0.00017488066199669523
17.7	0.00017565499650991462
17.75	0.00017642942906740032
17.8	0.00017720386162488604
17.85	0.0001779794816143916
17.900000000000002	0.0001787564983775268
17.95	0.00017953351739784178
18.	0.0001803105654608755
18.05	0.00018108881575793308
18.1	0.00018186769754326005
18.150000000000002	0.0001826465793285871
18.2	0.00018342552267632052
18.25	0.0001842050493190928
18.3	0.00018498472044586905
18.35	0.00018576439157264526
18.400000000000002	0.00018654396269321123
18.45	0.00018732314184010467
18.5	0.00018810228123238972
18.55	0.00018888142062467483
18.6	0.0001896598678100191
18.650000000000002	0.00019043703404077704
18.7	0.00019121417191657813
18.75	0.00019199130542797618
18.8	0.0001927665300819676
18.85	0.00019354018167548465
18.900000000000002	0.00019431383326900173
18.95	0.00019508730878174045
19.	0.00019585738013579488
19.05	0.0001966261432373951
19.1	0.00019739490633899532
19.150000000000002	0.00019816294626092302
19.200000000000003	0.0001989264089852106
19.25	0.00019968906773064595
19.3	0.00020045172647608142
19.35	0.00020121263184091258
19.400000000000002	0.0002019685442484551
19.450000000000003	0.00020272415002745012
19.5	0.00020347975580644497
19.55	0.00020423207953610464
19.6	0.00020498001103077133
19.650000000000002	0.0002057279199976014
19.700000000000003	0.00020647574831012593
19.75	0.00020721859255904733
19.8	0.0002079584850902254
19.85	0.00020869837762140344
19.900000000000002	0.00020943774896473965
19.950000000000003	0.0002101712522401928
20.	0.00021090311138889713
20.05	0.00021163497053760155
20.1	0.00021236552491923086
20.150000000000002	0.00021309028089463666
20.200000000000003	0.00021381434465658395
20.25	0.00021453840841853113
20.3	0.0002152601322860564
20.35	0.00021597697956390776
20.400000000000002	0.00021669367493301698
20.450000000000003	0.00021741036949943045
20.5	0.00021812353406372697
20.55	0.00021883337600284137
20.6	0.00021954321794195587
20.650000000000002	0.00022025288671815386
20.700000000000003	0.00022095824825884986
20.75	0.00022166174732865483
20.8	0.0002223652463984599
20.85	0.00022306814035243737
20.900000000000002	0.00022376660578836579
20.950000000000003	0.0002244641819960777
21.	0.00022516175820378953
21.05	0.00022585806256475392
21.1	0.00022655028637467292
21.150000000000002	0.0002272422027423016
21.200000000000003	0.00022793411910993045
21.25	0.00022862381495595673
21.3	0.00022931014375260095
21.35	0.00022999643776110614
21.400000000000002	0.00023068269838539223
21.450000000000003	0.00023136549312046875
21.5	0.00023204596841895614
21.55	0.0002327264437174436
21.6	0.00023340658887055482
21.650000000000002	0.00023408224931054664
21.700000000000003	0.000234756491893281
21.75	0.00023543073447601523
21.8	0.00023610396966684816
21.85	0.0002367721089412668
21.900000000000002	0.0002374395395071403
21.950000000000003	0.00023810697007301392
22.	0.00023877222741914888
22.05	0.0002394323880678222
22.1	0.0002400923372003849
22.150000000000002	0.0002407522863329475
22.200000000000003	0.00024140833172103205
22.25	0.00024206016246464365
22.3	0.00024271199167593858
22.35	0.00024336365067386588
22.400000000000002	0.00024400963787175582
22.450000000000003	0.0002446528651092301
22.5	0.0002452960923467042
22.55	0.00024593855323693154
22.6	0.0002465744731296034
22.650000000000002	0.00024720889877242775
22.700000000000003	0.0002478433244152522
22.75	0.0002484760183624579
22.8	0.00024910244154487967
22.85	0.0002497282958369232
22.900000000000002	0.0002503541501289668
22.950000000000003	0.0002509771531429359
23.	0.0002515952721460085
23.05	0.00025221330784696265
23.1	0.00025283132665431294
23.150000000000002	0.00025344568853764187
23.200000000000003	0.0002540572763195999
23.25	0.0002546688641015579
23.3	0.00025528026514445184
23.35	0.0002558885461519639
23.400000000000002	0.00025649571596493055
23.450000000000003	0.00025710288577789715
23.5	0.0002577098323226296
23.55	0.00025831548693473327
23.6	0.00025892093398005556
23.650000000000002	0.0002595263810253779
23.700000000000003	0.0002601322477634387
23.75	0.0002607392219824496
23.8	0.00026134625509919603
23.85	0.0002619532882159425
23.900000000000002	0.0002625627529207154
23.950000000000003	0.00026317521412728577
24.	0.0002637876833066111
24.05	0.0002644002830611759
24.1	0.00026501905488279847
24.150000000000002	0.0002656412096777128
24.200000000000003	0.0002662633644726272
24.25	0.0002668865560526809
24.3	0.0002675201781678346
24.35	0.00026815650085580683
24.400000000000002	0.00026879282354377897
24.450000000000003	0.0002694325247023224
24.5	0.00027008606870583264
24.55	0.00027074110266292066
24.6	0.0002713961366200086
24.650000000000002	0.0002720589257829551
24.700000000000003	0.0002727366895550394
24.75	0.0002734148306107958
24.8	0.00027409299092190836
24.85	0.0002747857152664147
24.900000000000002	0.00027549101598809545
24.950000000000003	0.0002761963167097761
25.	0.00027690262304483793
25.05	0.0002776301161538484
25.1	0.00027836610130779266
25.150000000000002	0.000279102086461737
25.200000000000003	0.00027984184403973943
25.25	0.000280606724868162
25.3	0.00028137623702772726
25.35	0.0002821457491872926
25.400000000000002	0.00028292379109781635
25.450000000000003	0.0002837271736593445
25.5	0.00028453223420833864
25.55	0.00028533729475733284
25.6	0.000286157576930384
25.650000000000002	0.0002869991660131408
25.700000000000003	0.0002878408999895101
25.75	0.000288682942797937
25.8	0.0002895475623983367
25.85	0.0002904261439226035
25.900000000000002	0.0002913047254468704
25.950000000000003	0.0002921854889383679
26.	0.00029309246904090085
26.05	0.00029400711959506285
26.1	0.0002949217701492248
26.150000000000002	0.0002958419333160086
26.200000000000003	0.0002967877394808831
26.25	0.0002977367816394396
26.3	0.00029868582379799594
26.35	0.0002996446808893295
26.400000000000002	0.0003006248737221648
26.450000000000003	0.00030160580665036763
26.5	0.0003025867397010188
26.55	0.0003035820873000391
26.6	0.0003045916822530861
26.650000000000002	0.0003056012772061329
26.700000000000003	0.00030661148076551657
26.75	0.0003076383965093422
26.8	0.00030867284900029743
26.85	0.00030970730149125275
26.900000000000002	0.00031074374602444354
26.950000000000003	0.00031179557433765477
27.	0.0003128506386323001
27.05	0.00031390570292694545
27.1	0.0003149642517495467
27.150000000000002	0.0003160344703678473
27.200000000000003	0.00031710563021909304
27.25	0.00031817679007033883
27.3	0.0003192523416978931
27.35	0.0003203348505734111
27.400000000000002	0.0003214174468406756
27.450000000000003	0.0003225000736627171
27.5	0.00032358668870634104
27.55	0.00032467609356604145
27.6	0.00032576549842574176
27.650000000000002	0.00032685501748376647
27.700000000000003	0.0003279462025131839
27.75	0.00032903793717821986
27.8	0.00033012967184325586
27.85	0.00033122113983120427
27.900000000000002	0.00033231119347595255
27.950000000000003	0.00033340103985748574
28.	0.00033449088623901886
28.05	0.0003355791200415516
28.1	0.0003366634096764887
28.150000000000002	0.00033774751980616307
28.200000000000003	0.0003388316299358375
28.25	0.00033991145389380414
28.3	0.0003409864237738724
28.35	0.0003420613890273771
28.400000000000002	0.0003431361447280791
28.450000000000003	0.00034420305172666544
28.5	0.00034526597450180036
28.55	0.0003463288972769353
28.6	0.00034739063918797934
28.650000000000002	0.00034844170794574777
28.700000000000003	0.00034949022621159296
28.75	0.00035053874447743815
28.8	0.00035158411737573527
28.85	0.0003526175914048631
28.900000000000002	0.0003536499163728342
28.950000000000003	0.0003546822413408054
29.	0.00035570839939239203
29.05	0.00035672353092931904
29.1	0.0003577384441491633
29.150000000000002	0.0003587533248699828
29.200000000000003	0.000359758161667182
29.25	0.00036075502343181344
29.3	0.0003617518851964448
29.35	0.00036274804400251255
29.400000000000002	0.00036373148648598957
29.450000000000003	0.00036471020487623324
29.5	0.0003656889232664769
29.55	0.0003666654569070451
29.6	0.00036762870919157623
29.650000000000002	0.0003685897188549411
29.700000000000003	0.0003695507285183061
29.75	0.0003705074430410757
29.8	0.00037145233563406463
29.85	0.00037239654643861483
29.900000000000002	0.00037334075724316493
29.950000000000003	0.00037427823500514287
30.	0.0003752070256421849
30.05	0.00037613578206464036
30.1	0.00037706438002454556
30.150000000000002	0.0003779843325949107
30.200000000000003	0.0003788993393657905
30.25	0.0003798143461366704
30.3	0.0003807285474866261
30.35	0.0003816341307958346
30.400000000000002	0.0003825373827202522
30.450000000000003	0.0003834406346446699
30.5	0.0003843422316206226
30.55	0.0003852367369212932
30.6	0.00038613043338419896
30.650000000000002	0.00038702412984710456
30.700000000000003	0.00038791546982047247
30.75	0.0003888020627824465
30.8	0.00038968852080692337
30.85	0.0003905749772607544
30.900000000000002	0.000391458853618703
30.950000000000003	0.0003923403937530494
31.	0.00039322193388739577
31.05	0.00039410339490464715
31.1	0.0003949830318247113
31.150000000000002	0.00039586190623283715
31.200000000000003	0.00039674078064096303
31.25	0.0003976195908086434
31.3	0.0003984979503882956
31.35	0.00039937622285341753
31.400000000000002	0.00040025449531853945
31.450000000000003	0.0004011330427462222
31.5	0.00040201244253961686
31.55	0.00040289190302169274
31.6	0.0004037713635037687
31.650000000000002	0.0004046518797858638
31.700000000000003	0.00040553394117262326
31.75	0.0004064160159662031
31.8	0.00040729811555892544
31.85	0.0004081823980141415
31.900000000000002	0.0004090680905381028
31.950000000000003	0.00040995378306203493
32.	0.00041083970874448376
32.050000000000004	0.00041172863023153096
32.1	0.000412618466766505
32.15	0.0004135083033014791
32.2	0.00041439877796964163
32.25	0.000415292361440152
32.300000000000004	0.0004161863591126973
32.35	0.00041708035678524237
32.4	0.00041797545068390763
32.45	0.0004188730299471866
32.5	0.00041977070463430086
32.550000000000004	0.0004206683793214153
32.6	0.00042156738278069817
32.65	0.0004224677658887848
32.7	0.0004233681491180415
32.75	0.0004242685608268695
32.800000000000004	0.00042516984082232505
32.85	0.00042607152922926066
32.9	0.0004269732176361964
32.95	0.00042787486424563596
33.	0.000428776169844037
33.050000000000004	0.00042967740033974497
33.1	0.000430578630835453
33.15	0.0004314793426305258
33.2	0.0004323782406539176
33.25	0.0004332769824120128
33.300000000000004	0.0004341757241701084
33.35	0.0004350727155687665
33.4	0.00043596681109275284
33.45	0.0004368608632429426
33.5	0.00043775489181750455
33.550000000000004	0.0004386449190983573
33.6	0.0004395320194136265
33.65	0.00044041911972889563
33.7	0.0004413058063624368
33.75	0.0004421859945798034
33.800000000000004	0.0004430639458974916
33.85	0.00044394189721517964
33.9	0.0004448183406937197
33.95	0.00044568639415807276
34.	0.00044655315335618905
34.050000000000004	0.00044741991255430557
34.1	0.0004482831407364614
34.15	0.00044913736168973486
34.2	0.00044999113505466776
34.25	0.0004508449084196006
34.300000000000004	0.00045169207861248123
34.35	0.0004525314103376103
34.4	0.00045337072794753654
34.45	0.00045420980946809755
34.5	0.00045503886962533393
34.550000000000004	0.00045586262214507354
34.6	0.0004566863746648131
34.65	0.0004575088723908289
34.7	0.0004583193428188317
34.75	0.000459126808144602
34.800000000000004	0.0004599342734703724
34.85	0.00046073863821036176
34.9	0.0004615307450104659
34.95	0.00046232159394503846
35.	0.00046311244287961087
35.050000000000004	0.00046389759258857007
35.1	0.0004646721077419448
35.15	0.0004654463812935843
35.2	0.00046622063645643345
35.25	0.00046698604832901724
35.300000000000004	0.0004677441062471768
35.35	0.0004685021641653364
35.4	0.00046925967049564726
35.45	0.00047000633612065163
35.5	0.0004707488012386834
35.550000000000004	0.0004714912663567156
35.6	0.0004722320008513542
35.65	0.000472961673352465
35.7	0.00047368938432762166
35.75	0.00047441709530277835
35.800000000000004	0.00047514140655002644
35.85	0.00047585595649758775
35.9	0.0004765698979742232
35.95	0.00047728383945085855
36.	0.00047799238992461923
36.050000000000004	0.0004786936620665618
36.1	0.000479394894626705
36.15	0.00048009601418216315
36.2	0.0004807899268841792
36.25	0.00048147953541002766
36.300000000000004	0.00048216914393587614
36.35	0.00048285807887478297
36.4	0.0004835393343762428
36.45	0.0004842184199504934
36.5	0.0004848975055247439
36.550000000000004	0.00048557501893057545
36.6	0.0004862454833954041
36.65	0.00048691509711812575
36.7	0.0004875847108408476
36.75	0.0004882516536430521
36.800000000000004	0.0004889129840090231
36.85	0.000489574135748455
36.9	0.0004902352868655685
36.95	0.0004908925980256123
37.	0.0004915462604571264
37.050000000000004	0.0004921999228886406
37.1	0.0004928534103495755
37.15	0.0004935024627369249
37.2	0.0004941495815985506
37.25	0.0004947967004601764
37.300000000000004	0.0004954432514083357
37.35	0.0004960856026921994
37.4	0.0004967271029852505
37.45	0.0004973686032783018
37.5	0.0004980090589099928
37.550000000000004	0.0004986461347946455
37.6	0.0004992829525871593
37.65	0.0004999197703796729
37.7	0.0005005551341015057
37.75	0.000501188274018057
37.800000000000004	0.0005018213900252123
37.85	0.0005024544913906457
37.9	0.000503086006870944
37.95	0.0005037164518831583
38.	0.0005043468968953723
38.050000000000004	0.0005049772604952218
38.1	0.0005056065029217673
38.15	0.0005062353879228255
38.2	0.0005068642729238838
38.25	0.0005074931048612043
38.300000000000004	0.0005081216659012008
38.35	0.0005087501888771857
38.400000000000006	0.0005093787118531705
38.45	0.0005100075010682931
38.5	0.000510636919810669
38.550000000000004	0.0005112663651626753
38.6	0.0005118958105146819
38.650000000000006	0.0005125263638931899
38.7	0.0005131581248138985
38.75	0.000513789886287038
38.800000000000004	0.0005144217208415022
38.85	0.00051505604525403
38.900000000000006	0.0005156915912747305
38.95	0.0005163271372954311
39.	0.0005169631430377831
39.050000000000004	0.0005176031162639576
39.1	0.0005182440038594919
39.150000000000006	0.0005188848914550262
39.2	0.0005195271739268014
39.25	0.000520174550577551
39.300000000000004	0.0005208223951061374
39.35	0.0005214702396347239
39.400000000000006	0.0005221212111847574
39.45	0.0005227775841649971
39.5	0.0005234340520854833
39.550000000000004	0.0005240905452929465
39.6	0.0005247528750815381
39.650000000000006	0.0005254196718106294
39.7	0.0005260864685397206
39.75	0.0005267537662790597
39.800000000000004	0.0005274295633839551
39.85	0.0005281084125501849
39.900000000000006	0.0005287872617164149
39.95	0.0005294678785471463
40.	0.000530158822103353
40.050000000000004	0.0005308514410611459
40.1	0.0005315440600189388
40.150000000000006	0.0005322407409022065
40.2	0.0005329482287144152
40.25	0.0005336563005697224
40.300000000000004	0.0005343643724250297
40.35	0.0005350800510736227
40.400000000000006	0.0005358051884640785
40.45	0.000536530353207942
40.5	0.0005372557618569327
40.550000000000004	0.0005379930157262567
40.6	0.0005387368163495205
40.650000000000006	0.0005394806169727843
40.7	0.0005402258657149325
40.75	0.0005409858573105264
40.800000000000004	0.0005417496988796726
40.85	0.0005425135404488186
40.900000000000006	0.0005432811893091091
40.95	0.0005440645743604642
41.	0.0005448496725885348
41.050000000000004	0.0005456347708166056
41.1	0.0005464272833133455
41.150000000000006	0.0005472342309505545
41.2	0.0005480415511772562
41.25	0.000548848885601481
41.300000000000004	0.0005496684286642053
41.35	0.000550498611517233
41.400000000000006	0.0005513287943702605
41.45	0.0005521597196648323
41.5	0.0005530065589353898
41.550000000000004	0.0005538598292971313
41.6	0.0005547130996588728
41.650000000000006	0.0005555689141740145
41.7	0.000556441842798594
41.75	0.0005573179559059257
41.800000000000004	0.000558194069013257
41.85	0.000559075428888303
41.900000000000006	0.0005599725056991656
41.95	0.0005608706382879327
42.	0.0005617687708766997
42.050000000000004	0.0005626753995560257
42.1	0.0005635940248674687
42.150000000000006	0.0005645127359580864
42.2	0.0005654315959393967
42.25	0.0005663617247643458
42.300000000000004	0.0005672988817424523
42.35	0.0005682360387205587
42.400000000000006	0.0005691741272444597
42.45	0.0005701235538158858
42.5	0.0005710763256793036
42.550000000000004	0.0005720290975427212
42.6	0.0005729837910815967
42.650000000000006	0.0005739475041686388
42.7	0.0005749123676862725
42.75	0.0005758772312039063
42.800000000000004	0.0005768445160855983
42.85	0.0005778171079035328
42.900000000000006	0.0005787898875726721
42.95	0.0005797626672422212
43.	0.0005807370292732219
43.050000000000004	0.0005817129704462147
43.1	0.0005826889116192074
43.150000000000006	0.00058366480409745
43.2	0.0005846393325222118
43.25	0.0005856132407294963
43.300000000000004	0.0005865871489367808
43.35	0.0005875603384482956
43.400000000000006	0.0005885279185340856
43.45	0.0005894943080148625
43.5	0.0005904606974956393
43.550000000000004	0.0005914242716103538
43.6	0.0005923783375023762
43.650000000000006	0.0005933316264519117
43.7	0.0005942849154014472
43.75	0.0005952311098250656
43.800000000000004	0.0005961659696220283
43.85	0.0005971006818672266
43.900000000000006	0.0005980352930286777
43.95	0.0005989560576729804
44.	0.0005998670520393312
44.050000000000004	0.000600778046405682
44.1	0.000601687674989871
44.150000000000006	0.0006025770939010922
44.2	0.0006034597897789393
44.25	0.0006043424856567861
44.300000000000004	0.0006052206862844228
44.35	0.0006060748232661405
44.400000000000006	0.0006069253981381411
44.45	0.0006077759730101415
44.5	0.00060861677358536
44.550000000000004	0.000609433470789155
44.6	0.0006102490516893739
44.650000000000006	0.0006110646325895928
44.7	0.0006118630556212086
44.75	0.0006126418672269443
44.800000000000004	0.0006134206572875966
44.85	0.000614198813445675
44.900000000000006	0.0006149526573617401
44.95	0.0006156940573439005
45.	0.0006164354573260607
45.050000000000004	0.0006171738800698477
45.1	0.0006178850866417945
45.150000000000006	0.0006185897325661104
45.2	0.0006192943784904262
45.25	0.0006199922980808451
45.300000000000004	0.0006206645532736977
45.35	0.0006213343002340242
45.400000000000006	0.0006220040471943508
45.45	0.0006226625726010315
45.5	0.0006233008657978824
45.550000000000004	0.0006239387471756472
45.6	0.0006245765825188785
45.650000000000006	0.0006251990323565176
45.7	0.0006258091558598125
45.75	0.0006264192793631074
45.800000000000004	0.000627028537255795
45.85	0.000627621885830436
45.900000000000006	0.0006282092753697385
45.95	0.0006287966649090411
46.	0.0006293819841820895
46.050000000000004	0.0006299545952174184
46.1	0.0006305250397104172
46.150000000000006	0.000631095484203416
46.2	0.0006316632360814734
46.25	0.0006322235155832763
46.300000000000004	0.0006327833574512326
46.35	0.0006333431993191892
46.400000000000006	0.0006339013593106989
46.45	0.0006344573299438727
46.5	0.0006350132913515105
46.550000000000004	0.0006355692862111515
46.6	0.0006361271605329205
46.650000000000006	0.0006366861190819237
46.7	0.0006372450776309268
46.75	0.0006378047014875024
46.800000000000004	0.000638371531692294
46.85	0.0006389403280527771
46.900000000000006	0.0006395091244132601
46.95	0.0006400807527793468
47.	0.0006406646237730605
47.050000000000004	0.0006412499067224689
47.1	0.0006418351896718776
47.150000000000006	0.0006424278369155509
47.2	0.0006430354418370623
47.25	0.0006436434816599498
47.300000000000004	0.0006442515289361682
47.35	0.0006448744762704837
47.400000000000006	0.0006455110418393911
47.45	0.0006461476074082984
47.5	0.0006467851529775032
47.550000000000004	0.0006474457056516522
47.6	0.0006481159548913622
47.650000000000006	0.0006487862041310721
47.7	0.0006494604795106528
47.75	0.0006501632847704002
47.800000000000004	0.0006508716568718013
47.85	0.0006515800289732023
47.900000000000006	0.0006522980049179753
47.95	0.0006530460006502967
48.	0.0006537961635903714
48.050000000000004	0.0006545463265304463
48.1	0.0006553144129712162
48.150000000000006	0.0006561089565466146
48.2	0.0006569037399839646
48.25	0.0006576988296796447
48.300000000000004	0.0006585219371326839
48.35	0.0006593632984704604
48.400000000000006	0.0006602046598082372
48.45	0.0006610486629823526
48.5	0.0006619270662491961
48.550000000000004	0.0006628160649808966
48.6	0.0006637050637125972
48.650000000000006	0.0006646013286598991
48.7	0.0006655333152580279
48.75	0.0006664701112364987
48.800000000000004	0.0006674069072149694
48.85	0.0006683576455519155
48.900000000000006	0.0006693402541184386
48.95	0.0006703241099716745
49.	0.0006713079658249105
49.050000000000004	0.0006723140063662611
49.1	0.0006733433010252051
49.150000000000006	0.0006743725988869196
49.2	0.000675402813204151
49.25	0.0006764615648364475
49.300000000000004	0.0006775338501575304
49.35	0.0006786061354786134
49.400000000000006	0.0006796820056349991
49.45	0.000680787442288993
49.5	0.0006818994486804239
49.550000000000004	0.000683011455071855
49.6	0.0006841308502546293
49.650000000000006	0.0006852763014421338
49.7	0.0006864240259916633
49.75	0.0006875717505411927
49.800000000000004	0.0006887309938513262
49.85	0.0006899094556030262
49.900000000000006	0.0006910882146688071
49.95	0.0006922670560610678
50.	0.0006934606744267787
50.050000000000004	0.0006946651974665182
50.1	0.0006958697205062577
50.150000000000006	0.0006970751322302705
50.2	0.0006982947115546009
50.25	0.000699519208107445
50.300000000000004	0.0007007437046602891
50.35	0.000701970039191822
50.400000000000006	0.000703206697686489
50.45	0.0007044449646249216
50.5	0.0007056832315633543
50.550000000000004	0.0007069234578250882
50.6	0.0007081687232530643
50.650000000000006	0.0007094142432945078
50.7	0.0007106597633359506
50.75	0.0007119055173966925
50.800000000000004	0.0007131515517945383
50.85	0.0007143975867515922
50.900000000000006	0.0007156435281015067
50.95	0.0007168853936372953
51.	0.0007181250825159692
51.050000000000004	0.0007193647713946429
51.1	0.0007206034538886818
51.150000000000006	0.0007218323773101603
51.2	0.0007230588411979631
51.25	0.0007242853050857658
51.300000000000004	0.0007255080611050901
51.35	0.0007267160312049596
51.400000000000006	0.0007279224662465199
51.45	0.0007291289012880804
51.5	0.000730326222089919
51.550000000000004	0.0007315063943789711
51.6	0.0007326861669722446
51.650000000000006	0.0007338659058234683
51.7	0.0007350277112985185
51.75	0.0007361744675221201
51.800000000000004	0.0007373212237457217
51.85	0.0007384666258514891
51.900000000000006	0.0007395849692271369
51.95	0.00074069274167698
52.	0.0007418005141268231
52.050000000000004	0.0007429031226891387
52.1	0.0007439723963023196
52.150000000000006	0.0007450357028077949
52.2	0.0007460990093132705
52.25	0.0007471502170994114
52.300000000000004	0.0007481663991710588
52.35	0.0007491803653570555
52.400000000000006	0.0007501943315430519
52.45	0.0007511857285717595
52.5	0.0007521463865029116
52.550000000000004	0.0007531068675103297
52.6	0.0007540668155182036
52.650000000000006	0.0007549916626450696
52.7	0.0007558953690304854
52.75	0.0007567990754159013
52.800000000000004	0.000757699049891047
52.85	0.0007585559385776893
52.900000000000006	0.0007594005494674417
52.95	0.0007602451603571942
53.	0.0007610798417695959
53.050000000000004	0.0007618696063938438
53.1	0.0007626538907206115
53.150000000000006	0.000763438175047379
53.2	0.0007642035220247765
53.25	0.0007649287473747557
53.300000000000004	0.000765652668384559
53.35	0.000766376586149014
53.400000000000006	0.000767070329289124
53.45	0.0007677351270220249
53.5	0.0007683999247549258
53.550000000000004	0.0007690632418582097
53.6	0.0007696883064566922
53.650000000000006	0.0007702965571828377
53.7	0.0007709048079089836
53.75	0.0007715077965594633
53.800000000000004	0.0007720714646026306
53.85	0.0007726270922745479
53.900000000000006	0.000773182719946465
53.95	0.0007737278521653549
54.	0.0007742387440284023
54.050000000000004	0.0007747469859499104
54.1	0.0007752552278714187
54.150000000000006	0.000775747490788222
54.2	0.0007762151062801137
54.25	0.0007766824462512422
54.300000000000004	0.0007771496120849487
54.35	0.0007775970797205021
54.400000000000006	0.0007780311361029293
54.45	0.0007784651924853563
54.5	0.0007788979789619722
54.550000000000004	0.000779313033849995
54.6	0.0007797223887761063
54.650000000000006	0.0007801317437022181
54.7	0.000780538864999828
54.75	0.0007809344779935063
54.800000000000004	0.0007813284573020142
54.85	0.000781722436610522
54.900000000000006	0.0007821148239672243
54.95	0.000782503416165917
55.	0.0007828918450048605
55.050000000000004	0.0007832802738438039
55.1	0.0007836708538821173
55.150000000000006	0.0007840638003441385
55.2	0.0007844567481353926
55.25	0.0007848499694705873
55.300000000000004	0.0007852527222212399
55.35	0.0007856601900853003
55.400000000000006	0.0007860676579493606
55.45	0.0007864771808567337
55.5	0.0007869046372807534
55.550000000000004	0.0007873362632759477
55.6	0.0007877678892711423
55.650000000000006	0.0007882061155185658
55.7	0.0007886686522719245
55.75	0.0007891334493565478
55.800000000000004	0.0007895982464411707
55.85	0.0007900779255225366
55.900000000000006	0.000790583527032248
55.95	0.0007910895978530917
56.	0.0007915957787874195
56.050000000000004	0.0007921291234505302
56.1	0.0007926834427888229
56.150000000000006	0.0007932377621271157
56.2	0.0007937942842234898
56.25	0.0007943887531096945
56.300000000000004	0.0007949969610252975
56.35	0.0007956051689409005
56.400000000000006	0.000796220759046714
56.45	0.0007968798914004374
56.5	0.0007975461570690544
56.550000000000004	0.0007982124227376712
56.6	0.0007988945252362337
56.650000000000006	0.0007996191097856993
56.7	0.000800346027093122
56.75	0.0008010729444005447
56.800000000000004	0.0008018271464383973
56.85	0.0008026155817695401
56.900000000000006	0.0008034041243128451
56.95	0.0008041934412952084
57.	0.0008050214167231256
57.050000000000004	0.0008058709371177865
57.1	0.0008067204575124474
57.150000000000006	0.0008075741714480112
57.2	0.0008084710915356201
57.25	0.0008093793916336161
57.300000000000004	0.000810287691731612
57.35	0.000811205784106036
57.400000000000006	0.0008121647039651229
57.45	0.0008131281194064684
57.5	0.0008140915348478143
57.550000000000004	0.0008150715831784272
57.6	0.0008160842833976387
57.650000000000006	0.0008170978467429493
57.7	0.0008181114338119656
57.75	0.0008191484323443909
57.800000000000004	0.0008202060228540052
57.85	0.0008212636133636196
57.900000000000006	0.0008223223711070615
57.95	0.0008234065870092871
58.	0.0008245011755926959
58.050000000000004	0.0008255957641761049
58.1	0.0008266935778764792
58.150000000000006	0.0008278133059029477
58.2	0.0008289371497451593
58.25	0.0008300609935873702
58.300000000000004	0.0008311898248629068
58.35	0.000832333720494784
58.400000000000006	0.0008334786425914396
58.45	0.0008346235646880953
58.5	0.0008357737089610538
58.550000000000004	0.0008369312913842541
58.6	0.0008380889296528874
58.650000000000006	0.0008392466023185403
58.7	0.0008404069721399169
58.75	0.0008415690384545214
58.800000000000004	0.0008427311047691256
58.85	0.0008438929642753739
58.900000000000006	0.0008450522737658428
58.95	0.000846210824529177
59.	0.0008473693752925114
59.050000000000004	0.0008485262111195353
59.1	0.0008496749250919555
59.150000000000006	0.0008508225920614652
59.2	0.0008519702590309751
59.25	0.0008531126228223278
59.300000000000004	0.0008542432678365876
59.35	0.000855373489651208
59.400000000000006	0.0008565037114658283
59.45	0.000857622472105037
59.5	0.0008587296840566345
59.550000000000004	0.0008598368959665094
59.6	0.0008609434657967195
59.650000000000006	0.0008620316834749221
59.7	0.0008631114879281417
59.75	0.0008641912923813612
59.800000000000004	0.0008652682074740887
59.85	0.0008663223294638017
59.900000000000006	0.0008673715699907672
59.95	0.0008684208105177326
60.	0.0008694631438193022
60.050000000000004	0.000870481952771988
60.1	0.0008714988144484054
60.150000000000006	0.000872515676124823
60.2	0.0008735200571398871
60.25	0.000874504328596326
60.300000000000004	0.0008754883289478025
60.35	0.000876472199657342
60.400000000000006	0.0008774374089741484
60.45	0.0008783893355420448
60.5	0.0008793412621099408
60.550000000000004	0.0008802917581886921
60.6	0.0008812207820405665
60.650000000000006	0.0008821426034654025
60.7	0.0008830644248902388
60.75	0.0008839824852977613
60.800000000000004	0.0008848802238826704
60.85	0.0008857749238859146
60.900000000000006	0.0008866696238891583
60.95	0.0008875578557893228
61.	0.0008884300061537325
61.050000000000004	0.0008893013987365092
61.1	0.000890172791319286
61.150000000000006	0.0008910354120812401
61.2	0.0008918879139631677
61.25	0.0008927404031585161
61.300000000000004	0.0008935926583676525
61.35	0.0008944357211545191
61.400000000000006	0.000895274039860725
61.45	0.0008961123585669307
61.5	0.0008969499268526571
61.550000000000004	0.0008977805566808443
61.6	0.0008986094993193455
61.650000000000006	0.0008994384419578469
61.7	0.000900266471358116
61.75	0.0009010909862783969
61.800000000000004	0.0009019151536072861
61.85	0.0009027393209361756
61.900000000000006	0.0009035632753675191
61.95	0.0009043868427396207
62.	0.0009052104020157435
62.050000000000004	0.0009060339657321183
62.1	0.0009068591398789736
62.150000000000006	0.0009076856158943921
62.2	0.0009085120919098107
62.25	0.0009093387785496499
62.300000000000004	0.0009101693988156791
62.35	0.0009110015046190487
62.400000000000006	0.0009118336104224185
62.45	0.0009126666117630023
62.5	0.0009135051641533088
62.550000000000004	0.0009143446720031002
62.6	0.0009151841798528915
62.650000000000006	0.0009160257504887945
62.7	0.0009168730929613234
62.75	0.0009177207786786117
62.800000000000004	0.0009185684643959
62.85	0.0009194195793745377
62.900000000000006	0.0009202751980833096
62.95	0.0009211308370472871
63.	0.0009219865491989652
63.050000000000004	0.0009228464979613317
63.1	0.0009237089113116674
63.150000000000006	0.0009245713246620026
63.2	0.0009254340546815018
63.25	0.0009263002571499542
63.300000000000004	0.0009271674151176654
63.35	0.0009280345730853769
63.400000000000006	0.0009289020747137891
63.45	0.0009297710751099772
63.5	0.000930640250286285
63.550000000000004	0.0009315094254625931
63.6	0.0009323782034141398
63.650000000000006	0.0009332461678881132
63.7	0.000934114108176096
63.75	0.0009349820474641557
63.800000000000004	0.0009358474990190975
63.85	0.0009367106554627013
63.900000000000006	0.0009375738119063049
63.95	0.0009384367273609835
64.	0.0009392938808709917
64.05	0.0009401485859807729
64.10000000000001	0.0009410032910905536
64.15	0.0009418567449523956
64.2	0.0009427012408027416
64.25	0.000943543972614949
64.3	0.0009443867044271558
64.35000000000001	0.0009452259736584263
64.4	0.0009460543290904037
64.45	0.0009468818857206996
64.5	0.0009477094423509948
64.55	0.0009485298608255094
64.60000000000001	0.000949339651509955
64.65	0.0009501493416276449
64.7	0.0009509589063625191
64.75	0.0009517565391440173
64.8	0.0009525463313558572
64.85000000000001	0.0009533361235676975
64.9	0.0009541247588310418
64.95	0.0009548981255633733
65.	0.0009556667500519389
65.05	0.0009564353745405042
65.10000000000001	0.0009572007411337777
65.15	0.0009579499451112434
65.2	0.0009586969502700599
65.25	0.0009594439554288767
65.3	0.0009601847107804109
65.35000000000001	0.0009609110624335982
65.4	0.0009616368395959866
65.45	0.000962362616758375
65.5	0.0009630786532373106
65.55	0.0009637843822822335
65.60000000000001	0.0009644901092810276
65.65	0.0009651954583446479
65.7	0.0009658887847590108
65.75	0.0009665763624281268
65.8	0.0009672639400972428
65.85000000000001	0.0009679501244679213
65.9	0.0009686246914514398
65.95	0.0009692966540255527
66.	0.0009699686165996655
66.05	0.0009706379845122396
66.10000000000001	0.0009712981248276865
66.15	0.0009719574498799534
66.2	0.0009726167749322203
66.25	0.000973272654675881
66.3	0.0009739227375218943
66.35000000000001	0.0009745727277936902
66.4	0.000975222700373453
66.45	0.0009758693085318394
66.5	0.0009765134119893799
66.55	0.0009771575154469204
66.60000000000001	0.0009778015119173266
66.65	0.0009784437772289902
66.7	0.0009790854367204233
66.75	0.0009797270962118563
66.8	0.0009803688674369982
66.85000000000001	0.0009810112722410088
66.9	0.0009816537767332123
66.95	0.0009822962812254155
67.	0.0009829398146645853
67.05	0.0009835860162372978
67.10000000000001	0.0009842323548671702
67.15	0.0009848786934970424
67.2	0.0009855279545994602
67.25	0.0009861807485010339
67.3	0.0009868335501674512
67.35000000000001	0.0009874864755684265
67.4	0.0009881449295347413
67.45	0.0009888063605943723
67.5	0.0009894677916540032
67.55	0.0009901299976789563
67.60000000000001	0.0009907998069982192
67.65	0.0009914715491425598
67.7	0.0009921432912869004
67.75	0.0009928171419176096
67.8	0.0009934994736385946
67.85000000000001	0.0009941826961224333
67.9	0.0009948659186062713
67.95	0.0009955532685363756
68.	0.0009962484489193706
68.05	0.0009969438164800465
68.10000000000001	0.0009976391953293513
68.15	0.000998341242623259
68.2	0.000999048937128432
68.25	0.0009997566316336049
68.3	0.0010004647378345452
68.35000000000001	0.0010011812096883488
68.4	0.0010019009766226532
68.45	0.0010026207435569574
68.5	0.0010033418211609457
68.55	0.00100407144398989
68.60000000000001	0.001004802610931206
68.65	0.0010055337778725225
68.7	0.0010062674673873635
68.75	0.0010070085202944178
68.8	0.001007750045936765
68.85000000000001	0.0010084915715791126
68.9	0.0010092368723512977
68.95	0.001009987360084281
69.	0.0010107378793591892
69.05	0.0010114884649304687
69.10000000000001	0.0010122435615840912
69.15	0.0010130013982069114
69.2	0.001013759234829732
69.25	0.0010145174075596077
69.3	0.0010152795101787554
69.35000000000001	0.001016042742158197
69.4	0.0010168059741376384
69.45	0.0010175697353553244
69.5	0.0010183359120310516
69.55	0.001019102386623835
69.60000000000001	0.0010198688612166186
69.65	0.0010206356183279667
69.7	0.0010214029789343906
69.75	0.001022170359576135
69.8	0.0010229377401679439
69.85000000000001	0.00102370434056977
69.9	0.0010244701854013837
69.95	0.0010252360302329972
70.	0.001026001771571499
70.05	0.0010267647871346026
70.10000000000001	0.0010275265947245732
70.15	0.0010282884023145433
70.2	0.0010290495701553316
70.25	0.0010298059071626468
70.3	0.0010305612473567062
70.35000000000001	0.0010313165875507656
70.4	0.001032070005224951
70.45	0.0010328170981948825
70.5	0.0010335636951347745
70.55	0.0010343102920746666
70.60000000000001	0.0010350527181110375
70.65	0.001035788655464813
70.7	0.0010365245174679305
70.75	0.0010372603182324143
70.8	0.0010379888765502127
70.85000000000001	0.0010387124612105867
70.9	0.0010394360458709602
70.95	0.001040158959151707
71.	0.0010408723668312884
71.05	0.00104158269336578
71.10000000000001	0.0010422930199002717
71.15	0.0010430014014723918
71.2	0.0010436996692129437
71.25	0.0010443964865029184
71.3	0.0010450933037928923
71.35000000000001	0.0010457864401345542
71.4	0.0010464707290497627
71.45	0.00104715463022024
71.5	0.0010478385313907176
71.55	0.0010485170334673755
71.60000000000001	0.001049189540675071
71.65	0.0010498620438295996
71.7	0.001050534383543003
71.75	0.0010512008971531959
71.8	0.0010518645047846303
71.85000000000001	0.0010525281124160654
71.9	0.0010531912651454765
71.95	0.0010538504035787237
72.	0.0010545086004539852
72.05	0.0010551667973292464
72.10000000000001	0.0010558247984989257
72.15	0.001056482072664086
72.2	0.0010571392784057717
72.25	0.0010577964841474575
72.3	0.0010584552022259277
72.35000000000001	0.0010591165767161515
72.4	0.00105977800071864
72.45	0.0010604394461023372
72.5	0.0010611065429739367
72.55	0.001061778042676553
72.60000000000001	0.0010624495423791696
72.65	0.0010631216980156622
72.7	0.0010638053296489454
72.75	0.001064493150605642
72.8	0.0010651809715623393
72.85000000000001	0.001065871650067319
72.9	0.0010665793460491026
72.95	0.0010672898570810022
73.	0.0010680003681129016
73.05	0.0010687183704040431
73.10000000000001	0.001069456633671446
73.15	0.0010701960272255981
73.2	0.0010709354207797503
73.25	0.001071690037251735
73.3	0.0010724639251739468
73.35000000000001	0.0010732378782420471
73.4	0.0010740123168763742
73.45	0.0010748116801497154
73.5	0.0010756250506648865
73.55	0.0010764384211800575
73.60000000000001	0.0010772548307238726
73.65	0.0010781029297522947
73.7	0.001078959447135242
73.75	0.0010798159645181895
73.8	0.0010806805007259593
73.85000000000001	0.001081578763517532
73.9	0.0010824807821954367
73.95	0.001083382800873341
74.	0.0010843000800096424
74.05	0.0010852475651724972
74.10000000000001	0.0010861958678188852
74.15	0.0010871441914461542
74.2	0.0010881165339196603
74.25	0.0010891101988478606
74.3	0.0010901038637760605
74.35000000000001	0.0010910988504936638
74.4	0.0010921231769072755
74.45	0.0010931595558272868
74.5	0.0010941959347472983
74.55	0.0010952365007302052
74.60000000000001	0.0010963058062624092
74.65	0.0010973805598279021
74.7	0.0010984553133933951
74.75	0.0010995376963096807
74.8	0.0011006433152281907
74.85000000000001	0.0011017505399763994
74.9	0.0011028577647246073
74.95	0.0011039752977739343
75.	0.0011051076412082683
75.05	0.0011062401012501
75.10000000000001	0.001107372687878244
75.15	0.001108515565539899
75.2	0.0011096649714232227
75.25	0.0011108143773065466
75.3	0.0011119642463608107
75.35000000000001	0.0011131199016008334
75.4	0.0011142772929532516
75.45	0.0011154346843056692
75.5	0.001116591876766422
75.55	0.0011177481187635851
75.60000000000001	0.0011189042369307844
75.65	0.0011200603550979835
75.7	0.0011212133143924919
75.75	0.0011223592358446824
75.8	0.0011235048980578405
75.85000000000001	0.001124650560270999
75.9	0.0011257867911260043
75.95	0.0011269134268390687
76.	0.0011280400623747528
76.05	0.0011291660871406393
76.10000000000001	0.0011302742953775858
76.15	0.001131374268632893
76.2	0.0011324742418882003
76.25	0.0011335711286156102
76.3	0.0011346434048540841
76.35000000000001	0.0011357103630108012
76.4	0.0011367773211675182
76.45	0.001137836280969454
76.5	0.0011388677701424051
76.55	0.0011398969559420025
76.60000000000001	0.0011409261417416002
76.65	0.001141939939007728
76.7	0.001142928730636212
76.75	0.0011439171733848687
76.80000000000001	0.0011449054561727173
76.85000000000001	0.0011458695083739487
76.9	0.0011468161628288797
76.95	0.00114776281728381
77.	0.0011487075582672555
77.05000000000001	0.001149623160252921
77.10000000000001	0.001150528906947872
77.15	0.001151434653642823
77.2	0.0011523351555006549
77.25	0.0011532070517906393
77.30000000000001	0.001154074627865172
77.35000000000001	0.0011549422039397036
77.4	0.001155800466129358
77.45	0.0011566353808247303
77.5	0.0011574691763408579
77.55000000000001	0.0011583029718569857
77.60000000000001	0.0011591238321510642
77.65	0.0011599296332465688
77.7	0.0011607354129808658
77.75	0.0011615408513183036
77.80000000000001	0.0011623325467226106
77.85000000000001	0.0011631170906848678
77.9	0.0011639016346471256
77.95	0.001164685080060356
78.	0.0011654582512948028
78.05000000000001	0.0011662289024026399
78.10000000000001	0.0011669995535104763
78.15	0.0011677689777620658
78.2	0.0011685336398852774
78.25	0.0011692978254100347
78.30000000000001	0.0011700620109347925
78.35000000000001	0.001170826370167944
78.4	0.001171591047850539
78.45	0.0011723557323751153
78.5	0.0011731204258698296
78.55000000000001	0.0011738886633159665
78.60000000000001	0.001174659791614856
78.65	0.001175430919913746
78.7	0.0011762024450490789
78.75	0.0011769815021895386
78.80000000000001	0.0011777634272425118
78.85000000000001	0.0011785453522954847
78.9	0.0011793288371028262
78.95	0.0011801220851556263
79.	0.0011809170297863959
79.05000000000001	0.0011817119744171654
79.10000000000001	0.0011825100554647351
79.15	0.0011833169850379844
79.2	0.0011841244488634106
79.25	0.0011849319126888364
79.30000000000001	0.001185743149573656
79.35000000000001	0.0011865593857166355
79.4	0.0011873756458026972
79.45	0.0011881919200842314
79.5	0.0011890090414414765
79.55000000000001	0.001189826659724345
79.60000000000001	0.0011906442780072126
79.65	0.0011914612206001302
79.7	0.0011922706617377317
79.75	0.0011930780211351418
79.80000000000001	0.0011938853805325519
79.85000000000001	0.001194688266043264
79.9	0.0011954714671933776
79.95	0.0011962523473816882
80.	0.0011970332275699981
80.05000000000001	0.0011977988722072597
80.10000000000001	0.0011985330580754885
80.15	0.0011992662877798256
80.2	0.0011999995054395227
80.25	0.0012006943697889464
80.30000000000001	0.0012013535164774726
80.35000000000001	0.0012020126631659982
80.4	0.0012026688487063186
80.45	0.0012032529154940793
80.5	0.0012038060850856518
80.55000000000001	0.0012043592546772239
80.60000000000001	0.0012048975884464247
80.65	0.0012053286086978992
80.7	0.001205738302043902
80.75	0.001206147995389905
80.80000000000001	0.0012065154209311537
80.85000000000001	0.0012067485073042916
80.9	0.0012069716259693667
80.95	0.0012071947446344409
81.	0.0012073244343631397
81.05000000000001	0.0012073138205244847
81.10000000000001	0.0012073018223660386
81.15	0.0012072880819787631
81.2	0.001207101719747401
81.25	0.0012068009506190323
81.30000000000001	0.0012065001814906638
81.35000000000001	0.0012061807236015962
81.4	0.0012056112703344062
81.45	0.0012049635207933152
81.5	0.0012043157712522243
81.55000000000001	0.0012036069393668147
81.60000000000001	0.001202592297617748
81.65	0.0012015356189044799
81.7	0.0012004789401912125
81.75	0.0011992837163309518
81.80000000000001	0.0011977665659773586
81.85000000000001	0.0011962363325658007
81.9	0.0011947060991542423
81.95	0.0011929150638264612
82.	0.0011908454338070877
82.05000000000001	0.0011887757285602408
82.10000000000001	0.0011866937205724393
82.15	0.0011842117883300407
82.2	0.0011815370493919758
82.25	0.0011788623104539112
82.30000000000001	0.0011761286193152827
82.35000000000001	0.0011728979704838454
82.4	0.0011695549220920017
82.45	0.0011662118737001588
82.5	0.0011627206567929994
82.55000000000001	0.0011586980144395556
82.60000000000001	0.0011546278311136869
82.65	0.0011505576477878155
82.7	0.0011462014958337464
82.75	0.0011413601265488674
82.80000000000001	0.001136510762894918
82.85000000000001	0.0011316590801293083
82.9	0.0011263392647251045
82.95	0.0011206678555905417
83.	0.0011149964464559786
83.05000000000001	0.0011092882893833072
83.10000000000001	0.0011029765386558624
83.15	0.001096451811222607
83.2	0.001089927083789354
83.25	0.0010832882897890191
83.30000000000001	0.0010759965190393454
83.35000000000001	0.0010686009931390622
83.4	0.001061205467238774
83.45	0.0010535773378146868
83.5	0.0010453410819648756
83.55000000000001	0.001037073072210042
83.60000000000001	0.0010288050624552144
83.65	0.0010201515684212712
83.7	0.0010110278509983654
83.75	0.00100190300027197
83.80000000000001	0.0009927666851137144
83.85000000000001	0.0009831045272007965
83.9	0.0009731568447045374
83.95	0.0009632091622082821
84.	0.0009532043213883439
84.05000000000001	0.0009426320658892072
84.10000000000001	0.0009319143209606651
84.15	0.0009211965760321163
84.2	0.0009103515014461435
84.25	0.0008989898034877862
84.30000000000001	0.0008875732155862471
84.35000000000001	0.0008761566276847151
84.4	0.0008645338679415479
84.45	0.0008525167133116988
84.5	0.0008404898935281608
84.55000000000001	0.000828462661154888
84.60000000000001	0.0008161628165908618
84.65	0.0008036299899734652
84.7	0.0007910971633560734
84.75	0.0007785513264119978
84.80000000000001	0.0007657366148443457
84.85000000000001	0.0007528151267434653
84.9	0.0007398936386425767
84.95	0.0007269424124347676
85.	0.0007137953621730068
85.05000000000001	0.0007006125927838683
85.10000000000001	0.0006874298233947378
85.15	0.0006742162471900453
85.2	0.0006609119996743824
85.25	0.0006476018454956553
85.30000000000001	0.000634291691316925
85.35000000000001	0.0006209853575049464
85.4	0.0006076843189057016
85.45	0.0005943833142714292
85.5	0.0005810835711389946
85.55000000000001	0.0005678725734881045
85.60000000000001	0.0005547159357700312
85.65	0.0005415592980519495
85.7	0.0005284195183816471
85.75	0.0005154793766393343
85.80000000000001	0.0005025970919526017
85.85000000000001	0.0004897148072658771
85.9	0.00047689652734918514
85.95	0.0004643729848056602
86.	0.000451886188328501
86.05000000000001	0.00043939939185133885
86.10000000000001	0.00042706896073319847
86.15	0.00041507529952354675
86.2	0.00040309305292608055
86.25	0.00039111081588858837
86.30000000000001	0.00037943138527181115
86.35000000000001	0.00036804802200307004
86.4	0.00035666465873432157
86.45	0.00034529827031146024
86.5	0.0003343877499711833
86.55000000000001	0.00032368091809564364
86.60000000000001	0.00031297408622011047
86.65	0.0003023392955082277
86.7	0.00029225424942523484
86.75	0.0002822836699993102
86.80000000000001	0.00027231309057338326
86.85000000000001	0.0002625122433675814
86.9	0.0002532744760004724
86.95	0.00024408145629813962
87.	0.00023488843659580602
87.05000000000001	0.00022600481632607198
87.10000000000001	0.0002176066461238664
87.15	0.000209214327522406
87.2	0.0002008258399537714
87.25	0.0001929115892197811
87.30000000000001	0.00018532584239207072
87.35000000000001	0.00017774009556436503
87.4	0.00017019407966753088
87.45	0.0001632185139525051
87.5	0.00015642939522000058
87.55000000000001	0.00014964027648749442
87.60000000000001	0.0001429614208056354
87.65	0.0001368612597381331
87.7	0.0001308449384354649
87.75	0.0001248286171327963
87.80000000000001	0.00011902106742252829
87.85000000000001	0.00011371944258334343
87.9	0.00010844038887012735
87.95	0.00010316133515691325
88.	0.00009820865605817887
88.05000000000001	0.00009362174831349264
88.10000000000001	0.00008903513339112832
88.15	0.0000844599966997736
88.2	0.00008030356301120094
88.25	0.00007635770202921848
88.30000000000001	0.00007241184104723505
88.35000000000001	0.00006851454863377779
88.4	0.00006505068428789845
88.45	0.00006168937541713779
88.5	0.00005832806654637685
88.55000000000001	0.00005506983181559708
88.60000000000001	0.00005219777697316631
88.65	0.000049362511143784524
88.7	0.000046527245314403784
88.75	0.000043858517163374577
88.80000000000001	0.000041484765728219504
88.85000000000001	0.00003911667190141437
88.9	0.00003674938400326502
88.95	0.000034610965040954635
89.	0.00003265244507347591
89.05000000000001	0.00003069392510599671
89.10000000000001	0.0000287494150456493
89.15	0.000027053872414574146
89.2	0.00002544996591880075
89.25	0.000023846059423027224
89.30000000000001	0.000022279978625046022
89.35000000000001	0.000020941343593276692
89.4	0.000019640698237338162
89.45	0.00001834005288140011
89.5	0.000017105426646175474
89.55000000000001	0.0000160508305182864
89.60000000000001	0.00001500643628959384
89.65	0.0000139620420609006
89.7	0.000013011417569984537
89.75	0.000012180565570869514
89.80000000000001	0.000011350149263152956
89.85000000000001	0.000010521841975674963
89.9	9.804907415729682e-6
89.95	9.1510873019052e-6
90.	8.497267188080663e-6
90.05000000000001	7.853465305802644e-6
90.10000000000001	7.3153977164369395e-6
90.15	6.80565950778538e-6
90.2	6.295921299134006e-6
90.25	5.806498611947857e-6
90.30000000000001	5.403272425953398e-6
90.35000000000001	5.009753861201031e-6
90.4	4.616235296448409e-6
90.45	4.253096565370391e-6
90.5	3.950588792137949e-6
90.55000000000001	3.649760465183752e-6
90.60000000000001	3.348960797975925e-6
90.65	3.0867048269295763e-6
90.7	2.858984385754618e-6
90.75	2.631263944579641e-6
90.80000000000001	2.4052741267608973e-6
90.85000000000001	2.2183857865804993e-6
90.9	2.047692127741043e-6
90.95	1.876998468901649e-6
91.	1.7110559035897774e-6
91.05000000000001	1.5780567276763776e-6
91.10000000000001	1.45136057675271e-6
91.15	1.3246644258289609e-6
91.2	1.2058009723043517e-6
91.25	1.1109915870549982e-6
91.30000000000001	1.0178680862666192e-6
91.35000000000001	9.247445854782968e-7
91.4	8.419224416711305e-7
91.45	7.740293523820298e-7
91.5	7.062593737139298e-7
91.55000000000001	6.386252473269152e-7
91.60000000000001	5.824502798324486e-7
91.65	5.336066650601309e-7
91.7	4.847630502878308e-7
91.75	4.367192640245674e-7
91.80000000000001	3.9879966995020745e-7
91.85000000000001	3.639433396845012e-7
91.9	3.2908700941877234e-7
91.95	2.958145221154984e-7
92.	2.701795494962549e-7
92.05000000000001	2.4555016639035375e-7
92.10000000000001	2.2092078328446742e-7
92.15	1.9851119927681707e-7
92.2	1.8108795140480802e-7
92.25	1.638520077062784e-7
92.30000000000001	1.4661606400774446e-7
92.35000000000001	1.319921148196701e-7
92.4	1.2005108987306783e-7
92.45	1.0811018490234932e-7
92.5	9.625315444652854e-8
92.55000000000001	8.689373074974263e-8
92.60000000000001	7.86982424214248e-8
92.65	7.050275409310165e-8
92.7	6.255008885831842e-8
92.75	5.655450339333448e-8
92.80000000000001	5.0985617985683034e-8
92.85000000000001	4.5416732578034966e-8
92.9	4.023064266341231e-8
92.95	3.637039931044437e-8
93.	3.2622756550509644e-8
93.05000000000001	2.8875113790574004e-8
93.10000000000001	2.5597174478859684e-8
93.15	2.308895912098828e-8
93.2	2.059185064876612e-8
93.25	1.809782255979945e-8
93.30000000000001	1.609555569251317e-8
93.35000000000001	1.4449474354191872e-8
93.4	1.2803393015869502e-8
93.45	1.118365688990827e-8
93.5	9.970982848467933e-9
93.55000000000001	8.897126839414783e-9
93.60000000000001	7.823270830362287e-9
93.65	6.8007375771216946e-9
93.7	6.060758305361232e-9
93.75	5.363880023777284e-9
93.80000000000001	4.667001742193166e-9
93.85000000000001	4.0386256095995025e-9
93.9	3.5833797604971122e-9
93.95	3.1365751742072082e-9
94.	2.689770587917269e-9
94.05000000000001	2.318246901951678e-9
94.10000000000001	2.0351709429089293e-9
94.15	1.7522358525807442e-9
94.2	1.4710103585006311e-9
94.25	1.2603257279212868e-9
94.30000000000001	1.0866537187983884e-9
94.35000000000001	9.129817096755954e-10
94.4	7.441453128605521e-10
94.45	6.210570652988844e-10
94.5	5.092880278883686e-10
94.55000000000001	3.975189904778256e-10
94.60000000000001	2.9393205589730117e-10
94.65	2.223789608715971e-10
94.7	1.5406983649375574e-10
94.75	8.576071211590885e-11
94.80000000000001	7.706334340529406e-12
